aabbMax:
  X: 1.2495900392532349
  Y: 2.327850103378296
  Z: 1.3709900379180908
aabbMin:
  X: -1.2495900392532349
  Y: -0.021398000419139862
  Z: -2.131269931793213
actorScale: 1.2000000476837158
attackPower: 0
bfres: Animal_Sunazarashi_Chief
boundingForTraverse: 2.349247932434082
bugMask: 3
elink: Animal_SunazarashiSP_B
enemyRank: 0
generalLife: 100
instSize: 138076
lookAtOffsetY: 1.0
mainModel: Sunazarashi_Chief
name: Animal_SunazarashiSP_B
pictureBookLiveSpot1: -1
pictureBookLiveSpot2: -1
pictureBookSpecialDrop: -1
profile: Prey
slink: Animal_Sunazarashi_C_Battle
sortKey: 201
systemIsGetItemSelf: false
systemSameGroupActorName: Animal_SunazarashiSP_C
tags:
  tag24cd75fe: 617444862
  tagfa5c683e: !u 0xfa5c683e
traverseDist: 80.0
yLimitAlgorithm: NoLimit
