aabbMax:
  X: 0.8473430275917053
  Y: 1.1997699737548828
  Z: 0.9660599827766418
aabbMin:
  X: -0.43128299713134766
  Y: -0.3554610013961792
  Z: -0.17333999276161194
attackPower: 0
bfres: Npc_Korogu_M_008
boundingForTraverse: 1.555230975151062
bugMask: 1
cursorOffsetY: 0.5
generalLife: 100
instSize: 107800
name: BackseatKorok_8
profile: MapConstActive
sortKey: 0
systemIsGetItemSelf: false
systemSameGroupActorName: ''
yLimitAlgorithm: NoLimit
