aabbMax:
  X: 1.1543500423431396
  Y: 9.28853988647461
  Z: 1.572309970855713
aabbMin:
  X: -1.1513099670410156
  Y: -0.004341000225394964
  Z: -1.3064099550247192
bfres: FldObj_BowlingPin_A
boundingForTraverse: 9.29288101196289
bugMask: 0
cursorOffsetY: 0.5
instSize: 59108
isHasFar: true
mainModel: FldObj_BowlingPin_A_01
name: BowlPin_2
profile: MapConstPassive
sortKey: -10
traverseDist: 503.688232421875
yLimitAlgorithm: NoLimit
