aabbMax:
  X: 2.1649999618530273
  Y: -1.649999976158142
  Z: -5.587500095367432
aabbMin:
  X: -0.32499998807907104
  Y: -14.5
  Z: -33.04999923706055
attackPower: 0
bfres: DgnObj_DLC_IbutsuEx_B
boundingForTraverse: 12.850000381469727
bugMask: 1
cursorOffsetY: 0.5
generalLife: 100
instSize: 42132
mainModel: DgnObj_DLC_IbutsuEx_B_ElectricWire_A_01
name: DgnObj_DLC_IbutsuEx_B_ElectricWire_A_01
profile: MapDynamicActive
rigidBodyCenterY: -11.86970043182373
sortKey: -17
systemIsGetItemSelf: false
systemSameGroupActorName: ''
traverseDist: 99999.0
yLimitAlgorithm: NoLimit
