aabbMax:
  X: 10.000200271606445
  Y: 26.0049991607666
  Z: -45.79999923706055
aabbMin:
  X: -14.000200271606445
  Y: 15.500200271606445
  Z: -50.79999923706055
attackPower: 0
bfres: DgnObj_DLC_BattleRoom_Parts_A
boundingForTraverse: 10.504798889160156
bugMask: 1
cursorOffsetY: 0.5
generalLife: 100
instSize: 28988
mainModel: DgnObj_DLC_BattleRoom_Parts_A_07
name: DgnObj_DLC_BattleRoom_Parts_A_07
profile: MapConstActive
rigidBodyCenterY: 20.898099899291992
sortKey: 0
systemIsGetItemSelf: false
systemSameGroupActorName: ''
traverseDist: 500.0
yLimitAlgorithm: NoLimit
