aabbMax:
  X: 15.133399963378906
  Y: 4.400000095367432
  Z: 4.400000095367432
aabbMin:
  X: -15.199999809265137
  Y: -4.400000095367432
  Z: -4.400000095367432
attackPower: 0
bfres: DgnObj_DLC_IbutsuEx_E
boundingForTraverse: 8.800000190734863
bugMask: 0
cursorOffsetY: 0.5
generalLife: 100
instSize: 74456
mainModel: DgnObj_DLC_IbutsuEx_E_Shaft_A_01
name: DgnObj_DLC_IbutsuEx_E_Shaft_A_01
profile: MapConstActive
rigidBodyCenterY: -0.00014200000441633165
sortKey: 117
systemIsGetItemSelf: false
systemSameGroupActorName: ''
yLimitAlgorithm: NoLimit
