aabbMax:
  X: 19.07379913330078
  Y: 19.07379913330078
  Z: 3.707550048828125
aabbMin:
  X: -19.07379913330078
  Y: -19.07379913330078
  Z: -1.7337100505828857
attackPower: 0
bfres: DgnObj_DLC_IbutsuEx_D
boundingForTraverse: 38.14759826660156
bugMask: 0
cursorOffsetY: 0.5
generalLife: 100
instSize: 55988
mainModel: DgnObj_DLC_IbutsuEx_D_CylinderWall_A_02
name: DgnObj_DLC_IbutsuEx_D_CylinderWall_A_02
profile: MapConstActive
rigidBodyCenterY: -0.00010900000052060932
sortKey: 49
systemIsGetItemSelf: false
systemSameGroupActorName: ''
tags:
  tag03528579: 55739769
traverseDist: 500.0
yLimitAlgorithm: NoLimit
