aabbMax:
  X: 2.0
  Y: 6.399569988250732
  Z: 0.0200009997934103
aabbMin:
  X: -2.896980047225952
  Y: 5.285120010375977
  Z: -4.0
attackPower: 0
bfres: DgnObj_DLC_CannonParts_A
boundingForTraverse: 1.1144499778747559
bugMask: 0
cursorOffsetY: 0.5
generalLife: 100
instSize: 20292
mainModel: DgnObj_DLC_CannonParts_A_01
name: DgnObj_DLC_CannonParts_A_01
profile: MapConstActive
rigidBodyCenterY: 5.9010701179504395
sortKey: 0
systemIsGetItemSelf: false
systemSameGroupActorName: ''
yLimitAlgorithm: NoLimit
