aabbMax:
  X: -14.0
  Y: 47.9984016418457
  Z: -46.099998474121094
aabbMin:
  X: -22.000200271606445
  Y: 18.00160026550293
  Z: -50.22919845581055
attackPower: 0
bfres: DgnObj_DLC_BattleRoom_Parts_A
boundingForTraverse: 29.996801376342773
bugMask: 1
cursorOffsetY: 0.5
generalLife: 100
instSize: 28988
mainModel: DgnObj_DLC_BattleRoom_Parts_A_09
name: DgnObj_DLC_BattleRoom_Parts_A_09
profile: MapConstActive
rigidBodyCenterY: 30.480100631713867
sortKey: 0
systemIsGetItemSelf: false
systemSameGroupActorName: ''
traverseDist: 500.0
yLimitAlgorithm: NoLimit
