aabbMax:
  X: 0.9465109705924988
  Y: 1.8664599657058716
  Z: 0.06754600256681442
aabbMin:
  X: -0.951619029045105
  Y: -0.038780998438596725
  Z: -0.0015869999770075083
attackPower: 0
bfres: DgnObj_DLC_BattleRoom_Parts_D
boundingForTraverse: 1.9052410125732422
bugMask: 1
cursorOffsetY: 0.5
generalLife: 100
instSize: 29088
mainModel: DgnObj_DLC_WallMarkC_02
name: DgnObj_DLC_WallMarkC_02
profile: MapConstActive
rigidBodyCenterY: 0.9124799966812134
sortKey: 6
systemIsGetItemSelf: false
systemSameGroupActorName: ''
yLimitAlgorithm: NoLimit
