aabbMax:
  X: 0.5130730271339417
  Y: 1.8165099620819092
  Z: 0.5130730271339417
aabbMin:
  X: -0.5130730271339417
  Y: 0.0
  Z: -0.5130730271339417
attackPower: 0
bfres: DgnObj_Candle_A
boundingForTraverse: 1.8165099620819092
bugMask: 1
generalLife: 100
instSize: 63200
mainModel: DgnObj_Hrl_CandlePoleC_01
name: DgnObj_DLC_CandlePoleC_01
profile: MapConstActive
rigidBodyCenterY: 0.7266929745674133
sortKey: -37
systemIsGetItemSelf: false
systemSameGroupActorName: ''
traverseDist: 500.0
yLimitAlgorithm: NoLimit
