aabbMax:
  X: 0.8999999761581421
  Y: 10.96500015258789
  Z: 7.829040050506592
aabbMin:
  X: -0.8999999761581421
  Y: -0.5
  Z: -7.829040050506592
attackPower: 0
bfres: DgnObj_Gate_A
boundingForTraverse: 11.46500015258789
bugMask: 1
cursorOffsetY: 0.5
generalLife: 100
instSize: 28160
mainModel: DgnObj_Gate_A_01
name: DgnObj_Gate_A_01
profile: MapConstActive
rigidBodyCenterY: 6.509980201721191
sortKey: -2
systemIsGetItemSelf: false
systemSameGroupActorName: ''
yLimitAlgorithm: NoLimit
