aabbMax:
  X: 2.700000047683716
  Y: 2.700000047683716
  Z: 1.1110399961471558
aabbMin:
  X: -2.700000047683716
  Y: -2.700000047683716
  Z: -1.149999976158142
attackPower: 0
bfres: DgnObj_ElectricRollerStand_A
boundingForTraverse: 5.400000095367432
bugMask: 0
cursorOffsetY: 0.5
generalLife: 100
instSize: 44652
mainModel: DgnObj_ElectricRollerStand_A_01
name: DgnObj_ElectricRollerStand_A_01
profile: MapConstActive
sortKey: 16
systemIsGetItemSelf: false
systemSameGroupActorName: ''
traverseDist: 99999.0
yLimitAlgorithm: NoLimit
