aabbMax:
  X: 17.034900665283203
  Y: 17.04050064086914
  Z: 1.1638599634170532
aabbMin:
  X: -17.0314998626709
  Y: -17.025999069213867
  Z: -1.1058599948883057
attackPower: 0
bfres: DgnObj_DLC_IbutsuEx_C
boundingForTraverse: 34.066497802734375
bugMask: 1
cursorOffsetY: 0.5
generalLife: 100
instSize: 117320
mainModel: DgnObj_DLC_IbutsuEx_C_01
name: DgnObj_DLC_IbutsuEx_C_01
profile: MapConstActive
sortKey: 10
systemIsGetItemSelf: false
systemSameGroupActorName: ''
tags:
  tag03528579: 55739769
traverseDist: 500.0
yLimitAlgorithm: NoLimit
