aabbMax:
  X: 0.8486530184745789
  Y: 5.300650119781494
  Z: 0.8486530184745789
aabbMin:
  X: -0.8486530184745789
  Y: -0.00825599953532219
  Z: -0.8486530184745789
attackPower: 0
bfres: DgnObj_Pillar_A
boundingForTraverse: 5.3089070320129395
bugMask: 1
generalLife: 100
instSize: 62932
mainModel: DgnObj_Pillar_A_02
name: DgnObj_DLC_Pillar_127_A_02
profile: MapConstActive
rigidBodyCenterY: 2.0465900897979736
sortKey: -20
systemIsGetItemSelf: false
systemSameGroupActorName: ''
traverseDist: 1000.0
yLimitAlgorithm: NoLimit
