aabbMax:
  X: 1.6962699890136719
  Y: 5.404910087585449
  Z: 0.0931129977107048
aabbMin:
  X: -1.6718300580978394
  Y: -1.212689995765686
  Z: -0.00027099999715574086
attackPower: 0
bfres: DgnObj_DLC_BattleRoom_Parts_D
boundingForTraverse: 6.617599964141846
bugMask: 1
cursorOffsetY: 0.5
generalLife: 100
instSize: 27880
mainModel: DgnObj_DLC_WallMarkB_01
name: DgnObj_DLC_WallMarkB_01
profile: MapConstActive
sortKey: 0
systemIsGetItemSelf: false
systemSameGroupActorName: ''
traverseDist: 200.0
yLimitAlgorithm: NoLimit
