aabbMax:
  X: 1.399999976158142
  Y: 0.9952329993247986
  Z: 6.900000095367432
aabbMin:
  X: -1.399999976158142
  Y: -0.4000000059604645
  Z: -5.785120010375977
attackPower: 0
bfres: DgnObj_ElectricWire_A
boundingForTraverse: 1.3952330350875854
bugMask: 3
cursorOffsetY: 0.5
generalLife: 100
instSize: 33432
mainModel: DgnObj_ElectricWire_A_08
name: DgnObj_ElectricWire_A_08
profile: MapDynamicActive
rigidBodyCenterY: -0.10602699965238571
slink: DgnObj_ElectricWire
sortKey: 0
systemIsGetItemSelf: false
systemSameGroupActorName: ''
traverseDist: 99999.0
yLimitAlgorithm: NoLimit
