aabbMax:
  X: -3.450000047683716
  Y: 34.63999938964844
  Z: -5.0
aabbMin:
  X: -12.274999618530273
  Y: 26.0
  Z: -8.649999618530273
attackPower: 0
bfres: DgnObj_ElectricWire_A
boundingForTraverse: 8.639999389648438
bugMask: 3
cursorOffsetY: 0.5
generalLife: 100
instSize: 38808
mainModel: DgnObj_ElectricWire_A_24
name: DgnObj_ElectricWire_A_24
profile: MapDynamicActive
rigidBodyCenterY: 30.857999801635742
slink: DgnObj_ElectricWire
sortKey: 0
systemIsGetItemSelf: false
systemSameGroupActorName: ''
traverseDist: 99999.0
yLimitAlgorithm: NoLimit
