aabbMax:
  X: 1.9482799768447876
  Y: 1.9482799768447876
  Z: 3.603060007095337
aabbMin:
  X: -1.9482799768447876
  Y: -1.9482799768447876
  Z: -3.603060007095337
attackPower: 0
bfres: DgnObj_DLC_IbutsuObj_A
boundingForTraverse: 3.896559953689575
bugMask: 1
cursorOffsetY: 0.5
generalLife: 100
instSize: 57344
mainModel: DgnObj_DLC_IbutsuObj_StonePoleAcceptor_A_01
name: DgnObj_DLC_IbutsuObj_StonePoleAcceptor_A_01
profile: MapConstActive
rigidBodyCenterY: 9.200000204145908e-05
sortKey: 140
systemIsGetItemSelf: false
systemSameGroupActorName: ''
tags:
  tag7fe6e43f: 2145838143
traverseDist: 99999.0
yLimitAlgorithm: NoLimit
