aabbMax:
  X: 2.260550022125244
  Y: 0.24906300008296967
  Z: 1.9945399761199951
aabbMin:
  X: -1.882599949836731
  Y: -0.09415099769830704
  Z: -1.9945399761199951
bfres: DgnObj_DLC_WarpHoleDeco_A
boundingForTraverse: 0.3432140052318573
bugMask: 0
cursorOffsetY: 0.5
instSize: 38044
mainModel: DgnObj_WarpHoleDeco_A_01
name: DgnObj_WarpHoleDeco_A_01
profile: MapConstPassive
sortKey: 0
traverseDist: 200.0
yLimitAlgorithm: NoLimit
