aabbMax:
  X: 0.4722970128059387
  Y: 2.960900068283081
  Z: 0.4722970128059387
aabbMin:
  X: -0.4722970128059387
  Y: 0.2791999876499176
  Z: -0.4722970128059387
bfres: DgnObj_DLC_PriestRoom_A
boundingForTraverse: 2.6816999912261963
bugMask: 0
cursorOffsetY: 0.5
instSize: 39004
mainModel: DgnObj_DLC_Pillar_A_03
name: DgnObj_DLC_Pillar_A_03
profile: MapConstPassive
sortKey: -2
yLimitAlgorithm: NoLimit
