aabbMax:
  X: 1.6814199686050415
  Y: -0.26301199197769165
  Z: 60.9098014831543
aabbMin:
  X: -1.6714099645614624
  Y: -18.197099685668945
  Z: 0.11387799680233002
attackPower: 0
bfres: DgnObj_DLC_PriestRoom_A
boundingForTraverse: 17.9340877532959
bugMask: 1
cursorOffsetY: 0.5
generalLife: 100
instSize: 67516
mainModel: DgnObj_DLC_PriestRoom_A_03
name: DgnObj_DLC_PriestRoom_A_03
profile: MapConstActive
rigidBodyCenterY: -12.831500053405762
sortKey: 2
systemIsGetItemSelf: false
systemSameGroupActorName: ''
traverseDist: 1000.0
yLimitAlgorithm: NoLimit
