aabbMax:
  X: 1.1763900518417358
  Y: 0.8999999761581421
  Z: 1.1763900518417358
aabbMin:
  X: -1.126389980316162
  Y: 0.0
  Z: -1.126389980316162
attackPower: 0
bfres: DgnObj_DLC_Hrl_BoxParts_A
boundingForTraverse: 0.8999999761581421
bugMask: 1
cursorOffsetY: 0.5
generalLife: 100
instSize: 36272
mainModel: DgnObj_DLC_Hrl_Box2x2Wainscot_02
name: DgnObj_DLC_Hrl_Box2x2Wainscot_02
profile: MapConstActive
sortKey: -8
systemIsGetItemSelf: false
systemSameGroupActorName: ''
traverseDist: 200.0
yLimitAlgorithm: NoLimit
