aabbMax:
  X: 50.64939880371094
  Y: 35.00019836425781
  Z: -26.0
aabbMin:
  X: 37.99980163574219
  Y: 17.0
  Z: -50.00019836425781
attackPower: 0
bfres: DgnObj_DLC_BattleRoom_Parts_A
boundingForTraverse: 18.000198364257812
bugMask: 1
cursorOffsetY: 0.5
generalLife: 100
instSize: 28988
mainModel: DgnObj_DLC_BattleRoom_Parts_A_08
name: DgnObj_DLC_BattleRoom_Parts_A_08
profile: MapConstActive
rigidBodyCenterY: 23.285600662231445
sortKey: 0
systemIsGetItemSelf: false
systemSameGroupActorName: ''
traverseDist: 500.0
yLimitAlgorithm: NoLimit
