aabbMax:
  X: 1.8930200338363647
  Y: 3.732919931411743
  Z: 0.06864900141954422
aabbMin:
  X: -1.9032399654388428
  Y: -0.07756300270557404
  Z: -0.00317499996162951
attackPower: 0
bfres: DgnObj_DLC_BattleRoom_Parts_D
boundingForTraverse: 3.810482978820801
bugMask: 1
cursorOffsetY: 0.5
generalLife: 100
instSize: 29344
mainModel: DgnObj_DLC_WallMarkC_01
name: DgnObj_DLC_WallMarkC_01
profile: MapConstActive
rigidBodyCenterY: 1.890660047531128
sortKey: 1
systemIsGetItemSelf: false
systemSameGroupActorName: ''
traverseDist: 200.0
yLimitAlgorithm: NoLimit
