aabbMax:
  X: 15.708700180053711
  Y: 33.0
  Z: 15.708700180053711
aabbMin:
  X: -15.712400436401367
  Y: 8.693770408630371
  Z: -15.708700180053711
attackPower: 0
bfres: DgnObj_DLC_PriestRoom_A
boundingForTraverse: 24.306228637695312
bugMask: 1
cursorOffsetY: 0.5
generalLife: 100
instSize: 188724
mainModel: DgnObj_DLC_PriestRoom_A_01
name: DgnObj_DLC_PriestRoom_A_01
profile: MapConstActive
rigidBodyCenterY: 16.08169937133789
sortKey: 2
systemIsGetItemSelf: false
systemSameGroupActorName: ''
traverseDist: 800.0
yLimitAlgorithm: NoLimit
