aabbMax:
  X: 0.48512300848960876
  Y: 0.125
  Z: 1.5351300239562988
aabbMin:
  X: -0.48512300848960876
  Y: -9.999999974752427e-07
  Z: -4.5
attackPower: 0
bfres: DgnObj_ElectricWire_A
boundingForTraverse: 0.1250009983778
bugMask: 3
cursorOffsetY: 0.5
generalLife: 100
instSize: 41880
mainModel: DgnObj_ElectricWire_A_10
name: DgnObj_ElectricWire_A_10
profile: MapDynamicActive
rigidBodyCenterY: 0.015223000198602676
slink: DgnObj_ElectricWire
sortKey: 0
systemIsGetItemSelf: false
systemSameGroupActorName: ''
traverseDist: 99999.0
yLimitAlgorithm: NoLimit
