aabbMax:
  X: 1.0262700319290161
  Y: 1.0262700319290161
  Z: 10.45300006866455
aabbMin:
  X: -1.0262700319290161
  Y: -1.0262700319290161
  Z: 0.0
bfres: DgnObj_DLC_IbutsuObj_A
boundingForTraverse: 2.0525400638580322
bugMask: 0
cursorOffsetY: 0.5
instSize: 17972
mainModel: DgnObj_DLC_IbutsuObj_Shaft_E_01
name: DgnObj_DLC_IbutsuObj_Shaft_E_01
profile: MapConstPassive
sortKey: 121
yLimitAlgorithm: NoLimit
