aabbMax:
  X: 1.3331300020217896
  Y: 9.40758991241455
  Z: 0.14191199839115143
aabbMin:
  X: -1.5145100355148315
  Y: -0.6535840034484863
  Z: -0.005874000024050474
attackPower: 0
bfres: DgnObj_DLC_BattleRoom_Parts_D
boundingForTraverse: 10.061174392700195
bugMask: 1
cursorOffsetY: 0.5
generalLife: 100
instSize: 27880
mainModel: DgnObj_DLC_WallMarkB_05
name: DgnObj_DLC_WallMarkB_05
profile: MapConstActive
sortKey: -4
systemIsGetItemSelf: false
systemSameGroupActorName: ''
traverseDist: 200.0
yLimitAlgorithm: NoLimit
