aabbMax:
  X: -31.430200576782227
  Y: 41.17020034790039
  Z: 1.2278000116348267
aabbMin:
  X: -60.24660110473633
  Y: -1.2278000116348267
  Z: -1.2278000116348267
attackPower: 0
bfres: DgnObj_IbutsuMap_A
boundingForTraverse: 42.39799880981445
bugMask: 0
cursorOffsetY: 0.5
generalLife: 100
instSize: 28696
mainModel: DgnObj_IbtMapFire_A_01
name: DgnObj_IbtMapFire_A_01
profile: MapDynamicActive
sortKey: -2
systemIsGetItemSelf: false
systemSameGroupActorName: ''
tags:
  tag03528579: 55739769
traverseDist: 2000.0
yLimitAlgorithm: NoLimit
