aabbMax:
  X: 0.5177929997444153
  Y: 5.300650119781494
  Z: 0.5177929997444153
aabbMin:
  X: -0.5177929997444153
  Y: 0.0
  Z: -0.5177929997444153
attackPower: 0
bfres: DgnObj_DLC_PriestRoom_A
boundingForTraverse: 5.300650119781494
bugMask: 1
cursorOffsetY: 0.5
generalLife: 100
instSize: 50440
mainModel: DgnObj_DLC_Pillar_A_01
name: DgnObj_DLC_hrl_Pillar1x1x4_01
profile: MapConstActive
rigidBodyCenterY: 2.3143999576568604
sortKey: 1
systemIsGetItemSelf: false
systemSameGroupActorName: ''
traverseDist: 1000.0
yLimitAlgorithm: NoLimit
