aabbMax:
  X: 2.864140033721924
  Y: -0.26301199197769165
  Z: 84.431396484375
aabbMin:
  X: -2.864109992980957
  Y: -19.737499237060547
  Z: 17.727100372314453
attackPower: 0
bfres: DgnObj_DLC_PriestRoom_A
boundingForTraverse: 19.4744873046875
bugMask: 1
cursorOffsetY: 0.5
generalLife: 100
instSize: 184680
mainModel: DgnObj_DLC_PriestRoom_A_04
name: DgnObj_DLC_PriestRoom_A_04
profile: MapConstActive
rigidBodyCenterY: -13.682999610900879
sortKey: 2
systemIsGetItemSelf: false
systemSameGroupActorName: ''
traverseDist: 2000.0
yLimitAlgorithm: NoLimit
