aabbMax:
  X: 0.4722970128059387
  Y: 4.037930011749268
  Z: 0.4722970128059387
aabbMin:
  X: -0.4722970128059387
  Y: 0.2791999876499176
  Z: -0.4722970128059387
bfres: DgnObj_DLC_PriestRoom_A
boundingForTraverse: 3.758729934692383
bugMask: 0
cursorOffsetY: 0.5
instSize: 39004
mainModel: DgnObj_DLC_Pillar_A_02
name: DgnObj_DLC_Pillar_A_02
profile: MapConstPassive
sortKey: -1
yLimitAlgorithm: NoLimit
