aabbMax:
  X: 2.1762399673461914
  Y: 0.8999999761581421
  Z: 2.176219940185547
aabbMin:
  X: -2.1268999576568604
  Y: 0.0
  Z: -2.1263999938964844
attackPower: 0
bfres: DgnObj_DLC_Hrl_BoxParts_A
boundingForTraverse: 0.8999999761581421
bugMask: 1
cursorOffsetY: 0.5
generalLife: 100
instSize: 36528
mainModel: DgnObj_DLC_Hrl_Box4x4Wainscot_02
name: DgnObj_DLC_Hrl_Box4x4Wainscot_02
profile: MapConstActive
sortKey: -9
systemIsGetItemSelf: false
systemSameGroupActorName: ''
traverseDist: 200.0
yLimitAlgorithm: NoLimit
