aabbMax:
  X: 2.4285500049591064
  Y: 2.140000104904175
  Z: 2.0
aabbMin:
  X: -2.4285500049591064
  Y: -2.140000104904175
  Z: -1.2364599704742432
attackPower: 0
bfres: DgnObj_DLC_IbutsuObj_A
boundingForTraverse: 4.28000020980835
bugMask: 1
cursorOffsetY: 0.5
generalLife: 100
instSize: 65892
mainModel: DgnObj_DLC_IbutsuObj_MagnePoleAcceptor_A_02
name: DgnObj_DLC_IbutsuObj_MagnePoleAcceptor_A_02
profile: MapConstActive
sortKey: 142
systemIsGetItemSelf: false
systemSameGroupActorName: ''
tags:
  tag7fe6e43f: 2145838143
traverseDist: 99999.0
yLimitAlgorithm: NoLimit
