aabbMax:
  X: 6.1839599609375
  Y: 26.639999389648438
  Z: 36.0172004699707
aabbMin:
  X: -6.1839599609375
  Y: 24.852500915527344
  Z: 25.0
attackPower: 0
bfres: DgnObj_ElectricWire_A
boundingForTraverse: 1.7874979972839355
bugMask: 3
cursorOffsetY: 0.5
generalLife: 100
instSize: 39640
mainModel: DgnObj_ElectricWire_A_12
name: DgnObj_ElectricWire_A_12
profile: MapDynamicActive
rigidBodyCenterY: 25.464500427246094
slink: DgnObj_ElectricWire
sortKey: 0
systemIsGetItemSelf: false
systemSameGroupActorName: ''
traverseDist: 99999.0
yLimitAlgorithm: NoLimit
