aabbMax:
  X: 0.054326001554727554
  Y: 0.10040999948978424
  Z: 1.0615099668502808
aabbMin:
  X: -0.027852000668644905
  Y: -0.10040999948978424
  Z: -0.08547800034284592
arrowArrowDeletePer: 0
arrowArrowNum: 1
arrowDeleteTime: 30
arrowDeleteTimeWithChemical: 30
arrowEnemyShootNumForDelete: 0
attackPower: 0
bfres: Weapon_Arrow_004
boundingForTraverse: 0.20081999897956848
bugMask: 3
cursorOffsetY: 0.20000000298023224
elink: ElectricArrow
homeArea:
- name: LanayruWaterSources
- name: CentralHyrule
- name: GerudoDesert
instSize: 63216
itemBuyingPrice: 20
itemCreatingPrice: -1
itemSaleRevivalCount: 50
itemSellingPrice: 1
itemStainColor: -1
itemUseIconActorName: ''
mainModel: Weapon_Arrow_004
name: ElectricArrow
pictureBookLiveSpot1: -1
pictureBookLiveSpot2: -1
pictureBookSpecialDrop: -1
profile: Bullet
slink: ElectricArrow
sortKey: 14603
tags:
  tag0fee9a49: 267295305
  tag19f6c13a: 435601722
  tag2755f107: 659943687
  tag2cef9fdc: 753901532
  tag336bf311: 862712593
  tag80e484a4: !u 0x80e484a4
  tag9b44906f: !u 0x9b44906f
  tage0194f30: !u 0xe0194f30
xlink: Weapon
yLimitAlgorithm: NoLimit
