aabbMax:
  X: 7.735169887542725
  Y: 0.9752249717712402
  Z: 1.915060043334961
aabbMin:
  X: -0.563319981098175
  Y: -1.090440034866333
  Z: -1.1558500528335571
attackPower: 16
bfres: Enemy_Giant_Bone
boundingForTraverse: 2.0656650066375732
bugMask: 3
cursorOffsetY: 0.5
instSize: 33700
itemBuyingPrice: -1
itemCreatingPrice: -1
itemSaleRevivalCount: -1
itemSellingPrice: -1
itemStainColor: -1
itemUseIconActorName: ''
mainModel: Enemy_Giant_Bone_Hand_L
name: Enemy_Giant_Bone_Arm_L
profile: Bullet
slink: Enemy_Giant_Bone_Arm_L
sortKey: 101302
tags:
  tagff2ecb67: !u 0xff2ecb67
yLimitAlgorithm: NoLimit
