aabbMax:
  X: 1.5491199493408203
  Y: 1.6727800369262695
  Z: 1.5824999809265137
aabbMin:
  X: -1.5491199493408203
  Y: -1.6727800369262695
  Z: -1.5824999809265137
attackPower: 8
bfres: Enemy_Golem_Ice
boundingForTraverse: 3.345560073852539
bugMask: 3
cursorOffsetY: 0.5
elink: GolemPartIce
instSize: 51312
itemBuyingPrice: -1
itemCreatingPrice: -1
itemSaleRevivalCount: -1
itemSellingPrice: -1
itemStainColor: -1
itemUseIconActorName: ''
mainModel: Golem_Arm_1_L_Rock_Ice
name: Enemy_Golem_Ice_Upper_Arm_L
profile: Bullet
slink: Enemy_Golem_Upper_Arm_L
sortKey: -1
tags:
  tag2bc52291: 734339729
xlink: Enemy_Golem_Arm
yLimitAlgorithm: NoLimit
