aabbMax:
  X: 1.6756900548934937
  Y: 0.7599629759788513
  Z: 1.2296099662780762
aabbMin:
  X: -0.446384996175766
  Y: -0.7599639892578125
  Z: -1.2296099662780762
attackPower: 12
bfres: Enemy_Giant_Bone
boundingForTraverse: 1.5199270248413086
bugMask: 3
cursorOffsetY: 0.5
instSize: 30884
itemBuyingPrice: -1
itemCreatingPrice: -1
itemSaleRevivalCount: -1
itemSellingPrice: -1
itemStainColor: -1
itemUseIconActorName: ''
mainModel: Enemy_Giant_Bone_Chin
name: Enemy_Giant_Bone_Chin
profile: Bullet
slink: Enemy_Giant_Bone_Chin
sortKey: 101300
tags:
  tagff2ecb67: !u 0xff2ecb67
yLimitAlgorithm: NoLimit
