aabbMax:
  X: 7.697080135345459
  Y: 3.9404900074005127
  Z: 2.6370298862457275
aabbMin:
  X: -6.562359809875488
  Y: -0.39816799759864807
  Z: -7.302840232849121
bfres: FldObj_AkkareFortTop_A_Far
boundingForTraverse: 4.338657855987549
bugMask: 0
cursorOffsetY: 0.5
instSize: 16884
mainModel: FldObj_AkkareFortTable_A_Far
name: FldObj_AkkareFort_Table_A_01_Far
profile: MapConstPassive
sortKey: 0
tags:
  tag57fd54ce: 1476220110
traverseDist: 1000.0
yLimitAlgorithm: NoLimit
