aabbMax:
  X: 133.8699951171875
  Y: 54.5099983215332
  Z: -35.497100830078125
aabbMin:
  X: 36.585201263427734
  Y: -3.880160093307495
  Z: -98.435302734375
bfres: FldObj_HugeMaze_A_Far
boundingForTraverse: 58.390159606933594
bugMask: 0
cursorOffsetY: 0.5
instSize: 29912
mainModel: FldObj_HugeMazeParts_B_06_Far
name: FldObj_HugeMazeParts_B_06_Far
profile: MapConstPassive
sortKey: 0
tags:
  tag57fd54ce: 1476220110
yLimitAlgorithm: NoLimit
