aabbMax:
  X: 7.543900012969971
  Y: 19.21969985961914
  Z: 6.685669898986816
aabbMin:
  X: -7.543910026550293
  Y: -17.589000701904297
  Z: -6.659299850463867
bfres: FldObj_BridgeZoraStone_B_Far
boundingForTraverse: 36.80870056152344
bugMask: 0
cursorOffsetY: 0.5
instSize: 32216
mainModel: FldObj_BridgeZoraStonePillar_B_01_Far
name: FldObj_BridgeZoraStonePillar_B_01_Far
profile: MapConstPassive
sortKey: 0
tags:
  tag57fd54ce: 1476220110
traverseDist: 1000.0
yLimitAlgorithm: NoLimit
