aabbMax:
  X: 7.881629943847656
  Y: 54.90359878540039
  Z: 7.831940174102783
aabbMin:
  X: -8.238960266113281
  Y: -10.727499961853027
  Z: -8.453240394592285
bfres: FldObj_AkkarePlant_A
boundingForTraverse: 65.63109588623047
bugMask: 0
cursorOffsetY: 0.5
instSize: 18164
mainModel: FldObj_AkkarePlant_A_01
name: FldObj_AkkarePlant_A_01
profile: MapConstPassive
sortKey: 0
traverseDist: 300.0
yLimitAlgorithm: NoLimit
