aabbMax:
  X: 2.0325000286102295
  Y: 6.0
  Z: 2.0799200534820557
aabbMin:
  X: -2.0010600090026855
  Y: 0.0
  Z: -2.0438599586486816
bfres: FldObj_SecretBase_A
boundingForTraverse: 6.0
bugMask: 0
cursorOffsetY: 0.5
instSize: 17140
mainModel: FldObj_SecretBaseRockBlock_E_01
name: FldObj_SecretBaseRockBlock_E_01
profile: MapConstPassive
sortKey: 35
traverseDist: 400.0
yLimitAlgorithm: NoLimit
