aabbMax:
  X: 3.1653800010681152
  Y: 11.29580020904541
  Z: 2.5777599811553955
aabbMin:
  X: -3.8856799602508545
  Y: 0.08220499753952026
  Z: -2.6270101070404053
bfres: FldObj_GerudoDesertRock_Far
boundingForTraverse: 11.213595390319824
bugMask: 0
cursorOffsetY: 0.5
instSize: 18612
mainModel: FldObj_GerudoDesertRock_A_21_Far
name: FldObj_GerudoDesertRock_A_21_Far
profile: MapConstPassive
sortKey: 0
tags:
  tag57fd54ce: 1476220110
traverseDist: 1000.0
yLimitAlgorithm: NoLimit
