aabbMax:
  X: 3.2357499599456787
  Y: 12.682600021362305
  Z: 8.216460227966309
aabbMin:
  X: -3.467740058898926
  Y: 1.2192000150680542
  Z: -5.053390026092529
bfres: FldObj_RuinStatueDragon_A
boundingForTraverse: 11.463399887084961
bugMask: 0
cursorOffsetY: 0.5
instSize: 27608
mainModel: FldObj_RuinStatueDragon_A_03
name: FldObj_RuinStatueDragon_A_03
profile: MapConstPassive
sortKey: 0
yLimitAlgorithm: NoLimit
