aabbMax:
  X: 12.09160041809082
  Y: 1.6100399494171143
  Z: 6.162089824676514
aabbMin:
  X: -1.1715600490570068
  Y: -11.183199882507324
  Z: -8.22262954711914
bfres: FldObj_TreeRootTropical_A
boundingForTraverse: 12.79323959350586
bugMask: 0
cursorOffsetY: 0.5
instSize: 18548
mainModel: FldObj_TreeRootTropical_A_M_07
name: FldObj_TreeRootTropical_A_M_07
profile: MapConstPassive
sortKey: 0
yLimitAlgorithm: NoLimit
