aabbMax:
  X: 2.9774301052093506
  Y: 0.4629319906234741
  Z: 0.4033310115337372
aabbMin:
  X: -0.04631799831986427
  Y: -0.5963929891586304
  Z: -0.4033310115337372
bfres: FldObj_RuinGuardianSand_A
boundingForTraverse: 1.0593249797821045
bugMask: 0
cursorOffsetY: 0.5
instSize: 17716
mainModel: FldObj_RuinGuardianSandArm_A_03
name: FldObj_RuinGuardianSandArm_A_03
profile: MapConstPassive
sortKey: 0
yLimitAlgorithm: NoLimit
