aabbMax:
  X: 5.950089931488037
  Y: 4.599009990692139
  Z: 23.537099838256836
aabbMin:
  X: -1.4293700456619263
  Y: -1.3558499813079834
  Z: -27.141700744628906
bfres: FldObj_HighwayHylia_A
boundingForTraverse: 50.678802490234375
bugMask: 0
cursorOffsetY: 0.5
instSize: 38172
isHasFar: true
mainModel: FldObj_HighwayHyliaWall_A_02
name: FldObj_HighwayHyliaWall_A_02
profile: MapConstPassive
sortKey: 0
traverseDist: 551.2132568359375
yLimitAlgorithm: NoLimit
