aabbMax:
  X: 90.17489624023438
  Y: 223.29299926757812
  Z: 164.85299682617188
aabbMin:
  X: -85.2052001953125
  Y: -223.33200073242188
  Z: -161.3040008544922
bfres: FldObj_CliffDeathMt_F_Far
boundingForTraverse: 446.625
bugMask: 0
cursorOffsetY: 0.5
instSize: 18932
mainModel: FldObj_CliffDeathMt_F_01_Far
name: FldObj_CliffDeathMt_F_01_Far
profile: MapConstPassive
sortKey: 0
tags:
  tag3c39db92: 1010424722
  tag57fd54ce: 1476220110
  tag932d2d91: !u 0x932d2d91
traverseDist: 8000.0
yLimitAlgorithm: NoLimit
