aabbMax:
  X: 35.00680160522461
  Y: 0.013814999721944332
  Z: 61.01340103149414
aabbMin:
  X: -35.48469924926758
  Y: -0.20670799911022186
  Z: -60.72119903564453
bfres: FldObj_HugeMaze_A_Far
boundingForTraverse: 0.22052299976348877
bugMask: 0
cursorOffsetY: 0.5
instSize: 41244
mainModel: FldObj_HugeMazeGround_C_04_Far
name: FldObj_HugeMazeGround_C_04_Far
profile: MapConstPassive
sortKey: 0
tags:
  tag57fd54ce: 1476220110
traverseDist: 1000.0
yLimitAlgorithm: NoLimit
