aabbMax:
  X: 28.330900192260742
  Y: 7.649990081787109
  Z: 34.992698669433594
aabbMin:
  X: -28.45490074157715
  Y: -71.22109985351562
  Z: -12.033599853515625
bfres: FldObj_AkkareFort_A
boundingForTraverse: 78.87109375
bugMask: 0
cursorOffsetY: 0.5
instSize: 163304
isHasFar: true
mainModel: FldObj_AkkareFort_A_02
name: FldObj_AkkareFort_A_02
profile: MapConstPassive
sortKey: 0
traverseDist: 573.7299194335938
yLimitAlgorithm: NoLimit
