aabbMax:
  X: 23.18239974975586
  Y: 23.451400756835938
  Z: 24.91990089416504
aabbMin:
  X: -20.223800659179688
  Y: -26.67889976501465
  Z: -26.370500564575195
bfres: FldObj_RockAkkare_A
boundingForTraverse: 50.13030242919922
bugMask: 0
cursorOffsetY: 0.5
instSize: 28760
mainModel: FldObj_RockAkkare_A_01
name: FldObj_RockAkkare_A_01
profile: MapConstPassive
sortKey: 0
traverseDist: 500.0
yLimitAlgorithm: NoLimit
