aabbMax:
  X: 2.7766098976135254
  Y: 1.7674200534820557
  Z: 0.8976290225982666
aabbMin:
  X: -2.7764599323272705
  Y: -0.20000000298023224
  Z: -0.9296240210533142
bfres: FldObj_RuinStonePavement_A
boundingForTraverse: 1.967419981956482
bugMask: 0
cursorOffsetY: 0.5
instSize: 41372
mainModel: FldObj_RuinStonePavement_A_06
name: FldObj_RuinStonePavement_A_06
profile: MapConstPassive
sortKey: -17
tags:
  tag3c39db92: 1010424722
yLimitAlgorithm: NoLimit
