aabbMax:
  X: 0.795333981513977
  Y: 1.1905900239944458
  Z: 0.6738989949226379
aabbMin:
  X: -0.795333981513977
  Y: -0.037418998777866364
  Z: -0.5517410039901733
bfres: FldObj_SecretBase_A
boundingForTraverse: 1.2280089855194092
bugMask: 0
cursorOffsetY: 0.5
instSize: 38812
mainModel: FldObj_SecretBaseFrogStatue_A_01
name: FldObj_SecretBaseFrogStatue_A_01
profile: MapConstPassive
sortKey: 16
traverseDist: 400.0
yLimitAlgorithm: NoLimit
