aabbMax:
  X: 33.84859848022461
  Y: 0.4032970070838928
  Z: 7.359720230102539
aabbMin:
  X: -33.84859848022461
  Y: -94.056396484375
  Z: -23.638500213623047
bfres: FldObj_WaterFallLanayru_A
boundingForTraverse: 94.4596939086914
bugMask: 0
cursorOffsetY: 0.5
instSize: 19940
isHasFar: true
mainModel: FldObj_WaterFallLanayru_A_03
name: FldObj_WaterFallLanayru_A_03
profile: MapConstPassive
sortKey: -2
traverseDist: 574.4567260742188
yLimitAlgorithm: NoLimit
