aabbMax:
  X: 61.040000915527344
  Y: 48.05059814453125
  Z: 18.441099166870117
aabbMin:
  X: -61.040000915527344
  Y: -52.193599700927734
  Z: -82.74120330810547
bfres: FldObj_DeathMtLavaFall_A_Far
boundingForTraverse: 100.24420166015625
bugMask: 0
cursorOffsetY: 0.5
instSize: 44892
mainModel: FldObj_DeathMtLavaFall_A_03_Far
name: FldObj_DeathMtLavaFall_A_03_Far
profile: MapConstPassive
sortKey: 0
tags:
  tag57fd54ce: 1476220110
traverseDist: 3000.0
yLimitAlgorithm: NoLimit
