aabbMax:
  X: 6.971889972686768
  Y: 11.739399909973145
  Z: 8.195119857788086
aabbMin:
  X: -1.1748299598693848
  Y: -0.008837999776005745
  Z: 0.0
bfres: FldObj_RuinStonePavement_A
boundingForTraverse: 11.748237609863281
bugMask: 0
cursorOffsetY: 0.5
instSize: 53120
mainModel: FldObj_RuinStoneWall_A_02
name: FldObj_RuinStoneWall_A_02
profile: MapConstPassive
sortKey: 9
tags:
  tag3c39db92: 1010424722
yLimitAlgorithm: NoLimit
