aabbMax:
  X: 8.167140007019043
  Y: 5.667240142822266
  Z: 8.403550148010254
aabbMin:
  X: -8.212579727172852
  Y: -5.667240142822266
  Z: -8.403550148010254
bfres: FldObj_SpiderMountain_A
boundingForTraverse: 11.334480285644531
bugMask: 0
cursorOffsetY: 0.5
instSize: 28760
mainModel: FldObj_SpiderMountainSoil_A_01
name: FldObj_SpiderMountainSoil_A_01
profile: MapConstPassive
sortKey: 0
yLimitAlgorithm: NoLimit
