aabbMax:
  X: 36.252201080322266
  Y: 36.43629837036133
  Z: 28.41659927368164
aabbMin:
  X: -42.885799407958984
  Y: -26.91160011291504
  Z: -12.629199981689453
bfres: FldObj_WaterFall_A_Far
boundingForTraverse: 63.347900390625
bugMask: 0
cursorOffsetY: 0.5
instSize: 19940
mainModel: FldObj_WaterFallKakariko_A_01_Far
name: FldObj_WaterFallKakariko_A_01_Far
profile: MapConstPassive
sortKey: 0
tags:
  tag57fd54ce: 1476220110
traverseDist: 1000.0
yLimitAlgorithm: NoLimit
