aabbMax:
  X: 6.060180187225342
  Y: 4.006609916687012
  Z: 0.824999988079071
aabbMin:
  X: -6.101329803466797
  Y: -0.4843460023403168
  Z: -0.8459370136260986
bfres: FldObj_DesertRuin_A
boundingForTraverse: 4.490955829620361
bugMask: 0
cursorOffsetY: 0.5
instSize: 39196
mainModel: FldObj_DesertRuin_A_01
name: FldObj_DesertRuin_A_01
profile: MapConstPassive
sortKey: 0
traverseDist: 500.0
yLimitAlgorithm: NoLimit
