aabbMax:
  X: 2.748029947280884
  Y: 0.8306469917297363
  Z: 1.7856099605560303
aabbMin:
  X: -1.6620299816131592
  Y: -0.14222300052642822
  Z: -2.7556099891662598
bfres: FldObj_CmnRuinFurniture_A
boundingForTraverse: 0.9728699922561646
bugMask: 0
cursorOffsetY: 0.5
instSize: 39644
mainModel: FldObj_CmnRuinFurniture_TableBroken_A_01
name: FldObj_CmnRuinFurniture_TableBroken_A_01
profile: MapConstPassive
sortKey: 0
yLimitAlgorithm: NoLimit
