aabbMax:
  X: 4.3775200843811035
  Y: 1.0018399953842163
  Z: 5.401790142059326
aabbMin:
  X: -2.667289972305298
  Y: -12.40939998626709
  Z: -5.67248010635376
bfres: FldObj_TreeRootTropical_A
boundingForTraverse: 13.411239624023438
bugMask: 0
cursorOffsetY: 0.5
instSize: 18548
mainModel: FldObj_TreeRootTropical_A_M_04
name: FldObj_TreeRootTropical_A_M_04
profile: MapConstPassive
sortKey: -4
yLimitAlgorithm: NoLimit
