aabbMax:
  X: 10.395999908447266
  Y: 19.438899993896484
  Z: 12.142000198364258
aabbMin:
  X: -16.20989990234375
  Y: -0.9688500165939331
  Z: -9.000439643859863
bfres: FldObj_RanchRuin_A
boundingForTraverse: 20.40774917602539
bugMask: 0
cursorOffsetY: 0.5
instSize: 118904
isHasFar: true
mainModel: FldObj_RanchRuin_Silo_A_01
name: FldObj_RanchRuin_Silo_A_01
profile: MapConstPassive
sortKey: 0
traverseDist: 533.9834594726562
yLimitAlgorithm: NoLimit
