aabbMax:
  X: 4.2954301834106445
  Y: 0.45652198791503906
  Z: 2.4027299880981445
aabbMin:
  X: -0.09819599986076355
  Y: -0.12020300328731537
  Z: -2.6039299964904785
bfres: FldObj_RanchRuin_A
boundingForTraverse: 0.5767250061035156
bugMask: 0
cursorOffsetY: 0.5
instSize: 18292
mainModel: FldObj_RanchRuin_RoofPiece_A_01
name: FldObj_RanchRuin_RoofPiece_A_01
profile: MapConstPassive
sortKey: 0
yLimitAlgorithm: NoLimit
