aabbMax:
  X: 8.214690208435059
  Y: 12.0
  Z: 0.07361400127410889
aabbMin:
  X: -0.261896014213562
  Y: 0.0
  Z: -25.015300750732422
bfres: FldObj_RuinStonePavement_A
boundingForTraverse: 12.0
bugMask: 0
cursorOffsetY: 0.5
instSize: 41500
mainModel: FldObj_RuinStoneWall_A_04
name: FldObj_RuinStoneWall_A_04
profile: MapConstPassive
sortKey: 14
tags:
  tag3c39db92: 1010424722
yLimitAlgorithm: NoLimit
