aabbMax:
  X: 5.736760139465332
  Y: 33.6234016418457
  Z: -8.19336986541748
aabbMin:
  X: -5.736760139465332
  Y: -54.07979965209961
  Z: -42.27429962158203
bfres: FldObj_DeathMtLavaFall_A
boundingForTraverse: 87.70320129394531
bugMask: 0
cursorOffsetY: 0.5
instSize: 20112
isHasFar: true
mainModel: FldObj_DeathMtLavaFall_A_06
name: FldObj_DeathMtLavaFall_A_06
profile: MapConstPassive
sortKey: 5
traverseDist: 535.9603881835938
yLimitAlgorithm: NoLimit
