aabbMax:
  X: 5.504759788513184
  Y: 16.61669921875
  Z: 2.7527999877929688
aabbMin:
  X: -5.504759788513184
  Y: -0.018681999295949936
  Z: -2.807529926300049
bfres: FldObj_SecretBase_A
boundingForTraverse: 16.635379791259766
bugMask: 0
cursorOffsetY: 0.5
instSize: 70984
mainModel: FldObj_SecretBaseGate_A_01
name: FldObj_SecretBaseGate_A_01
profile: MapConstPassive
sortKey: -4
traverseDist: 400.0
yLimitAlgorithm: NoLimit
