aabbMax:
  X: 0.08622699975967407
  Y: 0.4020180106163025
  Z: 1.4468799829483032
aabbMin:
  X: -6.378970146179199
  Y: -6.034200191497803
  Z: -0.5120189785957336
bfres: FldObj_TreeRootTropical_A
boundingForTraverse: 6.436217784881592
bugMask: 0
cursorOffsetY: 0.5
instSize: 18548
mainModel: FldObj_TreeRootTropical_A_M_08
name: FldObj_TreeRootTropical_A_M_08
profile: MapConstPassive
sortKey: 0
yLimitAlgorithm: NoLimit
