aabbMax:
  X: 12.30150032043457
  Y: 0.027998000383377075
  Z: 0.25652000308036804
aabbMin:
  X: -0.4492950141429901
  Y: -19.0398006439209
  Z: -37.957698822021484
bfres: FldObj_AkkareFortTop_A
boundingForTraverse: 19.067798614501953
bugMask: 0
cursorOffsetY: 0.5
instSize: 115640
mainModel: FldObj_AkkareFortTop_A_07
name: FldObj_AkkareFortTop_A_07
profile: MapConstPassive
sortKey: 0
traverseDist: 500.0
yLimitAlgorithm: NoLimit
