aabbMax:
  X: 45.07789993286133
  Y: 118.94400024414062
  Z: 89.625
aabbMin:
  X: -46.01150131225586
  Y: -118.5739974975586
  Z: -88.30380249023438
bfres: FldObj_CliffDeathMt_D_Far
boundingForTraverse: 237.51800537109375
bugMask: 0
cursorOffsetY: 0.5
instSize: 18932
mainModel: FldObj_CliffDeathMt_D_04_Far
name: FldObj_CliffDeathMt_D_04_Far
profile: MapConstPassive
sortKey: 0
tags:
  tag3c39db92: 1010424722
  tag57fd54ce: 1476220110
  tag932d2d91: !u 0x932d2d91
traverseDist: 2000.0
yLimitAlgorithm: NoLimit
