aabbMax:
  X: 5.665480136871338
  Y: 4.23967981338501
  Z: 5.399960041046143
aabbMin:
  X: -5.558810234069824
  Y: -0.1512259989976883
  Z: -5.513559818267822
bfres: FldObj_GerudoGarbage_A
boundingForTraverse: 4.390905857086182
bugMask: 0
cursorOffsetY: 0.5
instSize: 60388
mainModel: FldObj_GerudoGarbage_A_01
name: FldObj_GerudoGarbage_A_01
profile: MapConstPassive
sortKey: 0
yLimitAlgorithm: NoLimit
