aabbMax:
  X: 66.79969787597656
  Y: 4.733749866485596
  Z: 130.4429931640625
aabbMin:
  X: -17.71769905090332
  Y: -118.58300018310547
  Z: -126.51000213623047
bfres: FldObj_CliffOrangeEnd_A_Far
boundingForTraverse: 123.3167495727539
bugMask: 0
cursorOffsetY: 0.5
instSize: 30584
mainModel: FldObj_CliffOrangeWallEnd_A_33_Far
name: FldObj_CliffOrangeWallEnd_A_33_Far
profile: MapConstPassive
sortKey: 0
tags:
  tag57fd54ce: 1476220110
traverseDist: 8000.0
yLimitAlgorithm: NoLimit
