aabbMax:
  X: 5.3443098068237305
  Y: 3.386399984359741
  Z: 1.6998900175094604
aabbMin:
  X: -3.2353200912475586
  Y: -0.6770859956741333
  Z: -7.837520122528076
bfres: FldObj_ScaffoldWoodBreak_B
boundingForTraverse: 4.063486099243164
bugMask: 0
cursorOffsetY: 0.5
instSize: 59620
mainModel: FldObj_ScaffoldWoodBreak_B_BoneStairs_02
name: FldObj_ScaffoldWoodBreak_B_BoneStairs_02
profile: MapConstPassive
sortKey: -8
traverseDist: 200.0
yLimitAlgorithm: NoLimit
