aabbMax:
  X: 9.044739723205566
  Y: 0.10000000149011612
  Z: 6.500349998474121
aabbMin:
  X: -9.044739723205566
  Y: -31.523500442504883
  Z: -24.628599166870117
bfres: FldObj_WaterFall_A
boundingForTraverse: 31.62350082397461
bugMask: 0
cursorOffsetY: 0.5
instSize: 19960
mainModel: FldObj_WaterFall_A_S_03
name: FldObj_WaterFall_A_S_03
profile: MapConstPassive
sortKey: 0
tags:
  tag572de768: 1462626152
traverseDist: 500.0
yLimitAlgorithm: NoLimit
