aabbMax:
  X: 8.133279800415039
  Y: 3.5054800510406494
  Z: 35.043399810791016
aabbMin:
  X: -7.97422981262207
  Y: -20.493499755859375
  Z: -31.114200592041016
bfres: FldObj_BridgeWoodGashamahi_A
boundingForTraverse: 23.998979568481445
bugMask: 0
cursorOffsetY: 0.5
instSize: 49664
isHasFar: true
mainModel: FldObj_BridgeWoodGashamahi_A_02
name: FldObj_BridgeWoodGashamahi_A_02
profile: MapConstPassive
sortKey: 0
traverseDist: 568.0902099609375
yLimitAlgorithm: NoLimit
