aabbMax:
  X: 5.544950008392334
  Y: 1.662410020828247
  Z: 8.728360176086426
aabbMin:
  X: -7.004389762878418
  Y: -49.20090103149414
  Z: -7.744239807128906
bfres: FldObj_TreeRootTropical_A
boundingForTraverse: 50.863311767578125
bugMask: 0
cursorOffsetY: 0.5
instSize: 18548
isHasFar: true
mainModel: FldObj_TreeRootTropical_A_L_01
name: FldObj_TreeRootTropical_A_L_01
profile: MapConstPassive
sortKey: 4
traverseDist: 520.708251953125
yLimitAlgorithm: NoLimit
