aabbMax:
  X: 2.640000104904175
  Y: 3.5199999809265137
  Z: 0.18218599259853363
aabbMin:
  X: -2.640000104904175
  Y: 0.0
  Z: -0.21999900043010712
bfres: FldObj_SecretBase_A
boundingForTraverse: 3.5199999809265137
bugMask: 2
cursorOffsetY: 0.5
instSize: 29612
mainModel: FldObj_SecretBaseBoardIron_A_02
name: FldObj_SecretBaseBoardIron_B_02
profile: MapConstPassive
slink: FldObj_SecretBaseBoardIron_A_01
sortKey: 23
tags:
  tag03528579: 55739769
  tag088ac6a0: 143312544
traverseDist: 400.0
yLimitAlgorithm: NoLimit
