aabbMax:
  X: 4.0317301750183105
  Y: 0.2400050014257431
  Z: 4.372300148010254
aabbMin:
  X: -3.3421499729156494
  Y: -29.805599212646484
  Z: -4.372320175170898
bfres: FldObj_AkkareFort_A_Far
boundingForTraverse: 30.045604705810547
bugMask: 0
cursorOffsetY: 0.5
instSize: 38940
mainModel: FldObj_AkkareFortParts_A_06_Far
name: FldObj_AkkareFortParts_A_06_Far
profile: MapConstPassive
sortKey: 0
tags:
  tag57fd54ce: 1476220110
traverseDist: 2000.0
yLimitAlgorithm: NoLimit
