aabbMax:
  X: 2.963520050048828
  Y: 0.4013589918613434
  Z: 3.725260019302368
aabbMin:
  X: -2.8329200744628906
  Y: -0.4734019935131073
  Z: -0.4718390107154846
bfres: FldObj_StageWood_A
boundingForTraverse: 5.796440124511719
bugMask: 0
cursorOffsetY: 0.5
instSize: 61540
mainModel: FldObj_StageWood_A_07
name: FldObj_StageWood_A_07
profile: MapConstPassive
sortKey: 8
yLimitAlgorithm: NoLimit
