aabbMax:
  X: 5.7759599685668945
  Y: 39.80149841308594
  Z: 6.422609806060791
aabbMin:
  X: -6.168650150299072
  Y: -0.9068179726600647
  Z: -6.144790172576904
bfres: FldObj_SpiderMountain_A_Far
boundingForTraverse: 40.708316802978516
bugMask: 0
cursorOffsetY: 0.5
instSize: 41244
mainModel: FldObj_SpiderMountainPiller_A_04_Far
name: FldObj_SpiderMountainPiller_A_04_Far
profile: MapConstPassive
sortKey: 0
tags:
  tag57fd54ce: 1476220110
traverseDist: 1000.0
yLimitAlgorithm: NoLimit
