aabbMax:
  X: 6.046860218048096
  Y: -0.1071150004863739
  Z: 0.49965500831604004
aabbMin:
  X: -3.5646700859069824
  Y: -9.29207992553711
  Z: -11.133199691772461
bfres: FldObj_AkkareFort_A_Far
boundingForTraverse: 9.184965133666992
bugMask: 0
cursorOffsetY: 0.5
instSize: 59620
mainModel: FldObj_AkkareFortParts_A_03_Far
name: FldObj_AkkareFortParts_A_03_Far
profile: MapConstPassive
sortKey: 0
tags:
  tag57fd54ce: 1476220110
traverseDist: 3000.0
yLimitAlgorithm: NoLimit
