aabbMax:
  X: 2.6869900226593018
  Y: 18.082199096679688
  Z: 2.7101500034332275
aabbMin:
  X: -2.6869900226593018
  Y: -0.014895999804139137
  Z: -2.687000036239624
bfres: FldObj_AncientPillar_A
boundingForTraverse: 18.097095489501953
bugMask: 0
instSize: 40476
mainModel: FldObj_AncientPillar_A_01
name: FldObj_AncientPillar_A_01
profile: MapConstPassive
sortKey: 0
traverseDist: 500.0
yLimitAlgorithm: NoLimit
