aabbMax:
  X: 6.436270236968994
  Y: 0.591575026512146
  Z: -0.10339400172233582
aabbMin:
  X: -6.309470176696777
  Y: -0.033344000577926636
  Z: -12.802200317382812
bfres: FldObj_SnowBallGate_A_Far
boundingForTraverse: 0.6249189972877502
bugMask: 0
cursorOffsetY: 0.5
instSize: 18292
mainModel: FldObj_SnowBallDoor_A_03_Far
name: FldObj_SnowBallDoor_A_03_Far
profile: MapConstPassive
sortKey: 0
tags:
  tag57fd54ce: 1476220110
traverseDist: 1000.0
yLimitAlgorithm: NoLimit
