aabbMax:
  X: 6.971889972686768
  Y: 11.730600357055664
  Z: 8.195059776306152
aabbMin:
  X: -1.1642600297927856
  Y: -0.008837999776005745
  Z: -0.010149000212550163
bfres: FldObj_RuinStonePavement_A
boundingForTraverse: 11.7394380569458
bugMask: 0
cursorOffsetY: 0.5
instSize: 53120
mainModel: FldObj_RuinStoneWall_A_08
name: FldObj_RuinStoneWall_A_08
profile: MapConstPassive
sortKey: 19
tags:
  tag3c39db92: 1010424722
yLimitAlgorithm: NoLimit
