aabbMax:
  X: 0.8647429943084717
  Y: 3.6771700382232666
  Z: 0.8462560176849365
aabbMin:
  X: -0.9002569913864136
  Y: -0.02725199982523918
  Z: -0.8331760168075562
attackPower: 0
bfres: FldObj_StageGerdo_A
boundingForTraverse: 3.7044219970703125
bugMask: 0
cursorOffsetY: 0.5
generalLife: 100
instSize: 52728
mainModel: FldObj_StreetLightGerdo_A_01
name: FldObj_StreetLightGerdo_KnightDoll
profile: MapConstActive
rigidBodyCenterY: 1.4732099771499634
sortKey: -15
systemIsGetItemSelf: false
systemSameGroupActorName: ''
traverseDist: 200.0
yLimitAlgorithm: NoLimit
