aabbMax:
  X: 20.24850082397461
  Y: 27.166500091552734
  Z: 13.702699661254883
aabbMin:
  X: -19.624500274658203
  Y: -3.999999989900971e-06
  Z: -13.702699661254883
bfres: FldObj_SpiderMountain_A_Far
boundingForTraverse: 27.16650390625
bugMask: 0
cursorOffsetY: 0.5
instSize: 41244
mainModel: FldObj_SpiderMountainWall_A_05_Far
name: FldObj_SpiderMountainWall_A_05_Far
profile: MapConstPassive
sortKey: 0
tags:
  tag57fd54ce: 1476220110
traverseDist: 1000.0
yLimitAlgorithm: NoLimit
