aabbMax:
  X: 2.9360899925231934
  Y: 2.391479969024658
  Z: 11.70460033416748
aabbMin:
  X: -9.813240051269531
  Y: -13.120499610900879
  Z: -5.966619968414307
bfres: FldObj_TreeRootTropical_A_Far
boundingForTraverse: 15.511980056762695
bugMask: 0
cursorOffsetY: 0.5
instSize: 18292
mainModel: FldObj_TreeRootTropical_A_M_03_Far
name: FldObj_TreeRootTropical_A_M_03_Far
profile: MapConstPassive
sortKey: 0
tags:
  tag57fd54ce: 1476220110
yLimitAlgorithm: NoLimit
