aabbMax:
  X: 9.512430191040039
  Y: 57.04560089111328
  Z: 9.49979019165039
aabbMin:
  X: -9.338210105895996
  Y: -4.287350177764893
  Z: -9.451729774475098
bfres: FldObj_DesertRuin_A_Far
boundingForTraverse: 61.332950592041016
bugMask: 0
instSize: 38940
mainModel: FldObj_DesertRuinPillar_A_02_Far
name: FldObj_DesertRuinPillar_A_02_Far
profile: MapConstPassive
sortKey: 0
tags:
  tag57fd54ce: 1476220110
traverseDist: 1000.0
yLimitAlgorithm: NoLimit
