aabbMax:
  X: 4.3425798416137695
  Y: 3.4000000953674316
  Z: 0.7875000238418579
aabbMin:
  X: 0.0
  Y: 0.0
  Z: -0.75
bfres: FldObj_RuinStonePavement_A
boundingForTraverse: 3.4000000953674316
bugMask: 0
cursorOffsetY: 0.5
instSize: 41500
mainModel: FldObj_RuinStoneWall_A_09
name: FldObj_RuinStoneWall_A_09
profile: MapConstPassive
sortKey: 20
tags:
  tag3c39db92: 1010424722
yLimitAlgorithm: NoLimit
