aabbMax:
  X: 0.1666260063648224
  Y: 0.0625
  Z: 0.16479499638080597
aabbMin:
  X: -0.16479499638080597
  Y: -10.054699897766113
  Z: -0.1666260063648224
bfres: FldObj_Chain_A
boundingForTraverse: 10.117199897766113
bugMask: 3
cursorOffsetY: 0.5
generalLife: 1
instSize: 47668
mainModel: FldObj_Chain_A_01
name: FldObj_Chain_A
profile: Rope
slink: RopeWire
sortKey: -12
yLimitAlgorithm: NoLimit
