aabbMax:
  X: 10.05720043182373
  Y: 21.77739906311035
  Z: 4.429940223693848
aabbMin:
  X: -10.037799835205078
  Y: -1.7713899612426758
  Z: -9.084269523620605
bfres: FldObj_RuinStonePavement_A_Far
boundingForTraverse: 23.548789978027344
bugMask: 0
cursorOffsetY: 0.5
instSize: 41244
mainModel: FldObj_RuinStoneWall_A_03_Far
name: FldObj_RuinStoneWall_A_13_Far
profile: MapConstPassive
sortKey: 0
tags:
  tag3c39db92: 1010424722
  tag57fd54ce: 1476220110
yLimitAlgorithm: NoLimit
