aabbMax:
  X: 81.70099639892578
  Y: 51.077999114990234
  Z: 0.9945369958877563
aabbMin:
  X: 9.46133041381836
  Y: -0.41721299290657043
  Z: -121.63200378417969
bfres: FldObj_HugeMaze_A_Far
boundingForTraverse: 51.49521255493164
bugMask: 0
cursorOffsetY: 0.5
instSize: 17140
mainModel: FldObj_HugeMazeWall_A_01_Far
name: FldObj_HugeMazeWall_A_01_Far
profile: MapConstPassive
sortKey: 0
tags:
  tag57fd54ce: 1476220110
traverseDist: 1000.0
yLimitAlgorithm: NoLimit
