aabbMax:
  X: 14.444100379943848
  Y: 15.41189956665039
  Z: 15.77299976348877
aabbMin:
  X: 1.1196099519729614
  Y: -5.431509971618652
  Z: -14.71619987487793
bfres: FldObj_SkullRockBroken_A_Far
boundingForTraverse: 20.84341049194336
bugMask: 0
cursorOffsetY: 0.5
instSize: 17140
mainModel: FldObj_SkullRockBroken_A_02_Far
name: FldObj_SkullRockBroken_A_02_Far
profile: MapConstPassive
sortKey: 0
tags:
  tag57fd54ce: 1476220110
traverseDist: 1000.0
yLimitAlgorithm: NoLimit
