aabbMax:
  X: 12.67710018157959
  Y: 23.87779998779297
  Z: 7.826449871063232
aabbMin:
  X: -12.67710018157959
  Y: 3.706470012664795
  Z: -7.913320064544678
bfres: FldObj_SnowBallGate_A_Far
boundingForTraverse: 20.171329498291016
bugMask: 0
cursorOffsetY: 0.5
instSize: 41500
mainModel: FldObj_SnowBallGate_A_01_Far
name: FldObj_SnowBallGate_A_01_Far
profile: MapConstPassive
sortKey: 0
tags:
  tag57fd54ce: 1476220110
yLimitAlgorithm: NoLimit
