aabbMax:
  X: 23.12820053100586
  Y: 21.399700164794922
  Z: 15.461299896240234
aabbMin:
  X: -18.15839958190918
  Y: -2.67467999458313
  Z: -25.61370086669922
bfres: FldObj_ScaffoldWood_B_Far
boundingForTraverse: 24.07438087463379
bugMask: 0
instSize: 17140
mainModel: FldObj_ScaffoldWood_B_01_Far
name: FldObj_ScaffoldWood_B_01_Far
profile: MapConstPassive
sortKey: -26
tags:
  tag57fd54ce: 1476220110
traverseDist: 1000.0
yLimitAlgorithm: NoLimit
