aabbMax:
  X: 14.41759967803955
  Y: 11.431500434875488
  Z: 11.277799606323242
aabbMin:
  X: -19.44420051574707
  Y: -0.26179200410842896
  Z: -12.001799583435059
bfres: FldObj_HyliaStoneRuin_A_Far
boundingForTraverse: 11.693292617797852
bugMask: 0
cursorOffsetY: 0.5
instSize: 120504
mainModel: FldObj_HyliaStoneRuinHouse_A_01_Far
name: FldObj_HyliaStoneRuinHouse_A_01_Far
profile: MapConstPassive
sortKey: 0
tags:
  tag57fd54ce: 1476220110
  tag6bddf03c: 1809707068
  tagdeb8e664: !u 0xdeb8e664
traverseDist: 800.0
yLimitAlgorithm: NoLimit
