aabbMax:
  X: 43.03390121459961
  Y: 5.890210151672363
  Z: 31.40690040588379
aabbMin:
  X: -43.03390121459961
  Y: -0.3221690058708191
  Z: -10.21619987487793
bfres: FldObj_DeathMtLavaFall_A_Far
boundingForTraverse: 6.212378978729248
bugMask: 0
cursorOffsetY: 0.5
instSize: 20404
mainModel: FldObj_DeathMtLavaFall_B_03_Far
name: FldObj_DeathMtLavaFall_B_03_Far
profile: MapConstPassive
sortKey: 0
tags:
  tag57fd54ce: 1476220110
traverseDist: 1000.0
yLimitAlgorithm: NoLimit
