aabbMax:
  X: 36.13309860229492
  Y: 38.94770050048828
  Z: 27.966899871826172
aabbMin:
  X: -34.272499084472656
  Y: -38.18939971923828
  Z: -29.341100692749023
bfres: FldObj_CliffDeathMt_D_Far
boundingForTraverse: 77.13710021972656
bugMask: 0
cursorOffsetY: 0.5
instSize: 18612
mainModel: FldObj_CliffDeathMt_D_22_Far
name: FldObj_CliffDeathMt_D_22_Far
profile: MapConstPassive
sortKey: 0
tags:
  tag3c39db92: 1010424722
  tag57fd54ce: 1476220110
  tag932d2d91: !u 0x932d2d91
traverseDist: 1000.0
yLimitAlgorithm: NoLimit
