aabbMax:
  X: 5.689129829406738
  Y: 1.4738999605178833
  Z: 5.575119972229004
aabbMin:
  X: -4.112180233001709
  Y: -0.7500050067901611
  Z: -7.372220039367676
bfres: FldObj_RockAkkare_A
boundingForTraverse: 2.223905086517334
bugMask: 0
cursorOffsetY: 0.5
instSize: 18548
mainModel: FldObj_RockSetAkkare_A_03
name: FldObj_RocksetAkkare_A_03
profile: MapConstPassive
sortKey: 0
traverseDist: 500.0
yLimitAlgorithm: NoLimit
