aabbMax:
  X: 23.108699798583984
  Y: 0.9386299848556519
  Z: 14.641599655151367
aabbMin:
  X: -0.03251099959015846
  Y: -1.3457499742507935
  Z: -13.436800003051758
bfres: FldObj_ScaffoldWoodBreak_B
boundingForTraverse: 2.2843799591064453
bugMask: 0
cursorOffsetY: 0.5
instSize: 38428
mainModel: FldObj_ScaffoldWoodBreak_B_Floor_05
name: FldObj_ScaffoldWoodBreak_B_Floor_05
profile: MapConstPassive
sortKey: -19
traverseDist: 400.0
yLimitAlgorithm: NoLimit
