aabbMax:
  X: 6.046879768371582
  Y: 32.95209884643555
  Z: 1.3125
aabbMin:
  X: -1.7083100080490112
  Y: 0.0
  Z: -1.3417999744415283
attackPower: 0
bfres: FldObj_FlagChallengeGoal_A
boundingForTraverse: 32.95209884643555
bugMask: 1
cursorOffsetY: 0.5
generalLife: 100
instSize: 49260
name: FldObj_FlagChallengeGoal_A
profile: MapConstActive
rigidBodyCenterY: 16.293699264526367
sortKey: -1
systemIsGetItemSelf: false
systemSameGroupActorName: ''
tags:
  tagc5b7c123: !u 0xc5b7c123
traverseDist: 2000.0
yLimitAlgorithm: NoLimit
