aabbMax:
  X: 5.639560222625732
  Y: 1.7702900171279907
  Z: 32.52149963378906
aabbMin:
  X: -5.592979907989502
  Y: -21.11039924621582
  Z: -33.210201263427734
bfres: FldObj_BridgeAkkare_A
boundingForTraverse: 22.88068962097168
bugMask: 0
cursorOffsetY: 0.5
instSize: 72648
isHasFar: true
mainModel: FldObj_BridgeAkkare_A_01
name: FldObj_BridgeAkkare_A_01
profile: MapConstPassive
sortKey: 0
traverseDist: 566.6845092773438
yLimitAlgorithm: NoLimit
