aabbMax:
  X: 9.739999771118164
  Y: 16.66080093383789
  Z: 3.240000009536743
aabbMin:
  X: -9.739999771118164
  Y: 0.0
  Z: -3.240000009536743
bfres: FldObj_RuinStonePavementDarkness_A
boundingForTraverse: 16.66080093383789
bugMask: 0
cursorOffsetY: 0.5
instSize: 52864
mainModel: FldObj_RuinStonePillarDarkness_A_01
name: FldObj_RuinStonePillar_A_06
profile: MapConstPassive
sortKey: -1
tags:
  tag3c39db92: 1010424722
traverseDist: 500.0
yLimitAlgorithm: NoLimit
