aabbMax:
  X: 23.527000427246094
  Y: 0.10000000149011612
  Z: 24.408899307250977
aabbMin:
  X: -22.9778995513916
  Y: 0.10000000149011612
  Z: -8.156820297241211
bfres: FldObj_WaterFallBottom_A_Far
boundingForTraverse: 28.386756896972656
bugMask: 0
cursorOffsetY: 0.5
elink: FldObj_WaterFallBottom_A_01
instSize: 20100
mainModel: FldObj_WaterFallBottom_A_05_Far
name: FldObj_WaterFallBottom_A_05_Far
profile: MapConstPassive
sortKey: 0
tags:
  tag572de768: 1462626152
  tag57fd54ce: 1476220110
traverseDist: 1000.0
yLimitAlgorithm: NoLimit
