aabbMax:
  X: 8.763010025024414
  Y: 2.2584400177001953
  Z: 2.2106499671936035
aabbMin:
  X: 0.0
  Y: -2.7246899604797363
  Z: -2.145169973373413
bfres: FldObj_DesertRuin_A
boundingForTraverse: 4.983129978179932
bugMask: 0
cursorOffsetY: 0.5
instSize: 38044
isHasFar: true
mainModel: FldObj_DesertRuin_A_14
name: FldObj_DesertRuin_A_14
profile: MapConstPassive
sortKey: 0
traverseDist: 509.785888671875
yLimitAlgorithm: NoLimit
