aabbMax:
  X: 56.78710174560547
  Y: 33.71260070800781
  Z: 111.01899719238281
aabbMin:
  X: -27.036399841308594
  Y: -7.769289970397949
  Z: 32.976898193359375
bfres: FldObj_SecretBase_A
boundingForTraverse: 41.48189163208008
bugMask: 0
instSize: 118296
mainModel: FldObj_SecretBase_A_01
name: FldObj_SecretBase_A_01
profile: MapConstPassive
sortKey: -9
tags:
  tag03528579: 55739769
traverseDist: 400.0
yLimitAlgorithm: NoLimit
