aabbMax:
  X: 9.916970252990723
  Y: 11.138400077819824
  Z: 13.349100112915039
aabbMin:
  X: -9.900989532470703
  Y: -26.930500030517578
  Z: -16.264400482177734
attackPower: 0
bfres: FldObj_Windmill_A
boundingForTraverse: 38.06890106201172
bugMask: 3
cursorOffsetY: 0.5
farModelCulling:
  center:
    X: 0.0
    Y: 38.06890106201172
    Z: 0.0
  height: 76.13780212402344
  radius: 38.06890106201172
generalLife: 100
instSize: 131032
mainModel: FldObj_WindmillWheel_A_01
name: FldObj_WindmillWheel_A_01
profile: MapDynamicActive
rigidBodyCenterY: -7.2093000411987305
slink: FldObj_WindmillWheel
sortKey: -2
systemIsGetItemSelf: false
systemSameGroupActorName: ''
tags:
  tag336bf311: 862712593
  tagd4fbe3b2: !u 0xd4fbe3b2
traverseDist: 2000.0
yLimitAlgorithm: NoLimit
