aabbMax:
  X: 8.17393970489502
  Y: 1.401319980621338
  Z: 7.183619976043701
aabbMin:
  X: -0.19325000047683716
  Y: -12.331500053405762
  Z: -6.7110700607299805
bfres: FldObj_TreeRootTropical_A
boundingForTraverse: 13.732821464538574
bugMask: 0
cursorOffsetY: 0.5
instSize: 18548
mainModel: FldObj_TreeRootTropical_A_M_05
name: FldObj_TreeRootTropical_A_M_05
profile: MapConstPassive
sortKey: -3
yLimitAlgorithm: NoLimit
