aabbMax:
  X: 13.680700302124023
  Y: 18.050800323486328
  Z: 9.97562026977539
aabbMin:
  X: -12.989999771118164
  Y: -23.630399703979492
  Z: -10.037799835205078
bfres: FldObj_AkkarePlant_A
boundingForTraverse: 41.68119812011719
bugMask: 0
cursorOffsetY: 0.5
instSize: 18420
mainModel: FldObj_AkkarePlantSet_A_01
name: FldObj_AkkarePlantSet_A_01
profile: MapConstPassive
sortKey: 0
traverseDist: 300.0
yLimitAlgorithm: NoLimit
