aabbMax:
  X: 5.339320182800293
  Y: 1.6229300498962402
  Z: 5.57165002822876
aabbMin:
  X: -7.005229949951172
  Y: -25.016700744628906
  Z: -2.6658599376678467
bfres: FldObj_TreeRootTropical_A
boundingForTraverse: 26.639631271362305
bugMask: 0
cursorOffsetY: 0.5
instSize: 18548
isHasFar: true
mainModel: FldObj_TreeRootTropical_A_L_03
name: FldObj_TreeRootTropical_A_L_03
profile: MapConstPassive
sortKey: 6
traverseDist: 514.8406372070312
yLimitAlgorithm: NoLimit
