aabbMax:
  X: 23.164400100708008
  Y: 22.687000274658203
  Z: 5.647240161895752
aabbMin:
  X: -23.609800338745117
  Y: -4.382989883422852
  Z: -12.384900093078613
bfres: FldObj_DeathMtBigBridge
boundingForTraverse: 27.069990158081055
bugMask: 0
cursorOffsetY: 0.5
instSize: 40732
mainModel: FldObj_DeathMtArtifactBridge_A_03
name: FldObj_DeathMtArtifactBridge_A_03
profile: MapConstPassive
sortKey: -3
traverseDist: 500.0
yLimitAlgorithm: NoLimit
