aabbMax:
  X: 8.315500259399414
  Y: 21.096200942993164
  Z: 6.839079856872559
aabbMin:
  X: -8.315500259399414
  Y: 0.509555995464325
  Z: -6.790249824523926
bfres: FldObj_SecretBase_A
boundingForTraverse: 20.586645126342773
bugMask: 0
cursorOffsetY: 0.5
instSize: 116408
mainModel: FldObj_SecretBaseHoleGate_A_01
name: FldObj_SecretBaseHoleGate_A_01
profile: MapConstPassive
sortKey: 2
traverseDist: 400.0
yLimitAlgorithm: NoLimit
