aabbMax:
  X: 72.41510009765625
  Y: 0.6254429817199707
  Z: 5.690380096435547
aabbMin:
  X: -72.47930145263672
  Y: -35.62030029296875
  Z: -35.8218994140625
bfres: FldObj_WaterFallLanayru_A_Far
boundingForTraverse: 36.24574279785156
bugMask: 0
cursorOffsetY: 0.5
elink: FldObj_WaterFallLanayru_A_05
instSize: 20996
mainModel: FldObj_WaterFallLanayru_A_05_Far
name: FldObj_WaterFallLanayru_A_05_Far
profile: MapConstPassive
sortKey: 0
tags:
  tag572de768: 1462626152
  tag57fd54ce: 1476220110
traverseDist: 1000.0
yLimitAlgorithm: NoLimit
