aabbMax:
  X: 0.9923650026321411
  Y: 4.0
  Z: 1.0413299798965454
aabbMin:
  X: -1.0308200120925903
  Y: 0.0
  Z: -1.0019999742507935
bfres: FldObj_SecretBase_A
boundingForTraverse: 4.0
bugMask: 0
cursorOffsetY: 0.5
instSize: 17140
mainModel: FldObj_SecretBaseRockBlock_B_01
name: FldObj_SecretBaseRockBlock_B_01
profile: MapConstPassive
sortKey: 14
traverseDist: 400.0
yLimitAlgorithm: NoLimit
