aabbMax:
  X: 1.5921200513839722
  Y: 8.37578010559082
  Z: 1.5921200513839722
aabbMin:
  X: -1.5921200513839722
  Y: 0.01437199953943491
  Z: -1.5921200513839722
bfres: FldObj_ArtifactZora_A
boundingForTraverse: 8.361408233642578
bugMask: 0
cursorOffsetY: 0.5
instSize: 52224
mainModel: FldObj_ArtifactZoraPillar_A_01
name: FldObj_ArtifactZoraPillar_A_01
profile: MapConstPassive
sortKey: 2
traverseDist: 300.0
yLimitAlgorithm: NoLimit
