aabbMax:
  X: -6.236680030822754
  Y: 29.254100799560547
  Z: -8.617549896240234
aabbMin:
  X: -68.38580322265625
  Y: -2.772779941558838
  Z: -71.80269622802734
bfres: FldObj_SecretBase_A
boundingForTraverse: 32.02688217163086
bugMask: 0
instSize: 242148
mainModel: FldObj_SecretBase_A_03
name: FldObj_SecretBase_A_03
profile: MapConstPassive
sortKey: -6
tags:
  tag03528579: 55739769
traverseDist: 400.0
yLimitAlgorithm: NoLimit
