aabbMax:
  X: 34.0906982421875
  Y: 0.6300510168075562
  Z: 7.538320064544678
aabbMin:
  X: -34.34000015258789
  Y: -94.3772964477539
  Z: -15.679699897766113
bfres: FldObj_WaterFallLanayru_A_Far
boundingForTraverse: 95.0073471069336
bugMask: 0
cursorOffsetY: 0.5
instSize: 19940
mainModel: FldObj_WaterFallLanayru_A_03_Far
name: FldObj_WaterFallLanayru_A_03_Far
profile: MapConstPassive
sortKey: 0
tags:
  tag57fd54ce: 1476220110
traverseDist: 1000.0
yLimitAlgorithm: NoLimit
