aabbMax:
  X: 2.501310110092163
  Y: 0.4331830143928528
  Z: 44.50090026855469
aabbMin:
  X: -2.5970699787139893
  Y: -10.744199752807617
  Z: -42.42259979248047
bfres: FldObj_BridgeWood_A_Far
boundingForTraverse: 11.177382469177246
bugMask: 0
instSize: 49152
mainModel: FldObj_BridgeWoodThin_A_01_Far
name: FldObj_BridgeWoodThin_A_01_Far
profile: MapConstPassive
sortKey: 0
tags:
  tag57fd54ce: 1476220110
traverseDist: 1000.0
yLimitAlgorithm: NoLimit
