aabbMax:
  X: 103.38800048828125
  Y: 242.04200744628906
  Z: 38.74639892578125
aabbMin:
  X: -91.8009033203125
  Y: 32.84469985961914
  Z: -76.69580078125
bfres: FldObj_OblivionValley_A_Far
boundingForTraverse: 209.1973114013672
bugMask: 0
cursorOffsetY: 0.5
instSize: 404508
mainModel: FldObj_OblivionValleyWall_C_01_Far
name: FldObj_OblivionValleyWall_C_01_Far
profile: MapConstPassive
sortKey: 0
tags:
  tag57fd54ce: 1476220110
traverseDist: 1000.0
yLimitAlgorithm: NoLimit
