aabbMax:
  X: 5.3890700340271
  Y: 9.89291000366211
  Z: 4.823229789733887
aabbMin:
  X: -3.8702900409698486
  Y: 0.0
  Z: -4.248079776763916
bfres: FldObj_GerudoDesertRock
boundingForTraverse: 9.89291000366211
bugMask: 0
cursorOffsetY: 0.5
instSize: 28760
mainModel: FldObj_GerudoDesertRock_A_10
name: FldObj_GerudoDesertRock_A_10
profile: MapConstPassive
sortKey: 0
traverseDist: 800.0
yLimitAlgorithm: NoLimit
