aabbMax:
  X: 3.638819932937622
  Y: 1.3934199810028076
  Z: 4.511099815368652
aabbMin:
  X: -3.7296700477600098
  Y: -2.0825300216674805
  Z: -8.050849914550781
bfres: FldObj_GerudoBase
boundingForTraverse: 3.475950002670288
bugMask: 0
cursorOffsetY: 0.5
instSize: 18548
isHasFar: true
mainModel: FldObj_GerudoBase_A_03
name: FldObj_GerudoBase_A_03
profile: MapConstPassive
sortKey: 0
traverseDist: 514.5635375976562
yLimitAlgorithm: NoLimit
