aabbMax:
  X: 130.0
  Y: 4.499989986419678
  Z: 100.0
aabbMin:
  X: -130.0
  Y: -39.9900016784668
  Z: -104.19499969482422
bfres: FldObj_HugeMaze_A
boundingForTraverse: 44.489990234375
bugMask: 0
cursorOffsetY: 0.5
instSize: 91276
isHasFar: true
mainModel: FldObj_HugeMazeParts_B_09
name: FldObj_HugeMazeParts_B_09
profile: MapConstPassive
sortKey: 0
traverseDist: 830.598876953125
yLimitAlgorithm: NoLimit
