aabbMax:
  X: 2.2746500968933105
  Y: 0.3420349955558777
  Z: 5.3040900230407715
aabbMin:
  X: -2.0714800357818604
  Y: -0.3048110008239746
  Z: -1.3538299798965454
attackPower: 0
bfres: FldObj_StageWood_A
boundingForTraverse: 0.6468459963798523
bugMask: 0
generalLife: 100
instSize: 31932
mainModel: FldObj_StageWood_A_03
name: FldObj_StageWood_A_03
profile: MapDynamicActive
rigidBodyCenterY: 0.05000000074505806
sortKey: 10
systemIsGetItemSelf: false
systemSameGroupActorName: ''
traverseDist: 300.0
yLimitAlgorithm: NoLimit
