aabbMax:
  X: 120.86000061035156
  Y: 15.708999633789062
  Z: 75.1865005493164
aabbMin:
  X: -56.883399963378906
  Y: -5.258520126342773
  Z: -129.52099609375
bfres: FldObj_LavaPlane_A_Far
boundingForTraverse: 20.967519760131836
bugMask: 2
cursorOffsetY: 0.5
instSize: 21524
mainModel: FldObj_LavaPlane_A_03_Far
name: FldObj_LavaPlane_A_03_Far
profile: MapConstPassive
slink: LavaPlane
sortKey: 0
tags:
  tag572de768: 1462626152
  tag57fd54ce: 1476220110
traverseDist: 2000.0
yLimitAlgorithm: NoLimit
