aabbMax:
  X: 0.5081660151481628
  Y: 0.0
  Z: 0.4907679855823517
aabbMin:
  X: -0.508171021938324
  Y: -32.6349983215332
  Z: -0.4907679855823517
bfres: FldObj_AkkareFort_A
boundingForTraverse: 32.6349983215332
bugMask: 0
cursorOffsetY: 0.5
instSize: 38044
isHasFar: true
mainModel: FldObj_AkkareFortParts_A_08
name: FldObj_AkkareFortParts_A_08
profile: MapConstPassive
sortKey: 0
traverseDist: 501.4129333496094
yLimitAlgorithm: NoLimit
