aabbMax:
  X: 6.39277982711792
  Y: 35.2510986328125
  Z: 3.577120065689087
aabbMin:
  X: -0.7088050246238708
  Y: -0.3662030100822449
  Z: -3.5853099822998047
bfres: FldObj_ScaffoldWood_A
boundingForTraverse: 35.61730194091797
bugMask: 0
cursorOffsetY: 0.5
instSize: 116856
lookAtOffsetY: 1.100000023841858
mainModel: FldObj_ScaffoldWood_A_03
name: FldObj_ScaffoldWood_A_04
profile: MapConstPassive
sortKey: -7
tags:
  tag0f5e860e: 257852942
  tag3c39db92: 1010424722
traverseDist: 800.0
yLimitAlgorithm: NoLimit
