aabbMax:
  X: 4.0084099769592285
  Y: 4.070970058441162
  Z: 4.037740230560303
aabbMin:
  X: -4.0084099769592285
  Y: 0.0
  Z: -4.037740230560303
bfres: FldObj_SecretBase_A
boundingForTraverse: 4.070970058441162
bugMask: 0
cursorOffsetY: 0.5
instSize: 38876
mainModel: FldObj_SecretBaseRockBlock_G_01
name: FldObj_SecretBaseRockBlock_G_01
profile: MapConstPassive
sortKey: 31
traverseDist: 400.0
yLimitAlgorithm: NoLimit
