aabbMax:
  X: 4.972169876098633
  Y: 6.950439929962158
  Z: 0.13468800485134125
aabbMin:
  X: -4.725709915161133
  Y: -1.8640999794006348
  Z: -1.54121994972229
bfres: FldObj_SecretBase_A
boundingForTraverse: 8.814539909362793
bugMask: 0
cursorOffsetY: 0.5
instSize: 49088
mainModel: FldObj_SecretBaseClapper_A_01
name: FldObj_SecretBaseClapper_A_01
profile: MapConstPassive
sortKey: 5
traverseDist: 400.0
yLimitAlgorithm: NoLimit
