aabbMax:
  X: 0.1409209966659546
  Y: 1.2835400104522705
  Z: 12.939800262451172
aabbMin:
  X: -0.15013499557971954
  Y: -4.016389846801758
  Z: -2.291840076446533
bfres: FldObj_PierSnow_A
boundingForTraverse: 5.299930095672607
bugMask: 0
cursorOffsetY: 0.5
instSize: 27608
mainModel: FldObj_PierSnowProp_A_01
name: FldObj_PierSnowProp_A_01
profile: MapConstPassive
sortKey: -2
yLimitAlgorithm: NoLimit
