aabbMax:
  X: 8.591959953308105
  Y: 7.9087700843811035
  Z: 10.326899528503418
aabbMin:
  X: -8.55346965789795
  Y: -0.12774400413036346
  Z: -8.801589965820312
bfres: FldObj_HyliaStoneRuin_A_Far
boundingForTraverse: 8.036514282226562
bugMask: 0
cursorOffsetY: 0.5
instSize: 107732
mainModel: FldObj_HyliaStoneRuinHouse_A_02_Far
name: FldObj_HyliaStoneRuinHouse_A_02_Far
profile: MapConstPassive
sortKey: -1
tags:
  tag57fd54ce: 1476220110
  tag6bddf03c: 1809707068
  tagdeb8e664: !u 0xdeb8e664
traverseDist: 800.0
yLimitAlgorithm: NoLimit
