aabbMax:
  X: 10.453700065612793
  Y: 0.2128710001707077
  Z: 1.0670299530029297
aabbMin:
  X: -10.725000381469727
  Y: -1.337149977684021
  Z: -14.76200008392334
bfres: FldObj_ScaffoldWoodBreak_B
boundingForTraverse: 1.5500210523605347
bugMask: 0
cursorOffsetY: 0.5
instSize: 38428
mainModel: FldObj_ScaffoldWoodBreak_B_Floor_02
name: FldObj_ScaffoldWoodBreak_B_Floor_02
profile: MapConstPassive
sortKey: -24
traverseDist: 400.0
yLimitAlgorithm: NoLimit
