aabbMax:
  X: 4.94497013092041
  Y: 18.60420036315918
  Z: 4.439579963684082
aabbMin:
  X: -4.94497013092041
  Y: -0.005762000102549791
  Z: -4.2782697677612305
bfres: FldObj_RuinStatueOwl_A
boundingForTraverse: 18.609962463378906
bugMask: 0
instSize: 17396
mainModel: FldObj_RuinStatueOwl_A_01
name: FldObj_RuinStatueOwl_A_01
profile: MapConstPassive
sortKey: 0
traverseDist: 300.0
yLimitAlgorithm: NoLimit
