aabbMax:
  X: 5.524499893188477
  Y: 1.2999999853491317e-05
  Z: 5.524499893188477
aabbMin:
  X: -5.524499893188477
  Y: -10.0
  Z: -5.524499893188477
bfres: FldObj_RuinStonePavement_A
boundingForTraverse: 10.00001335144043
bugMask: 0
cursorOffsetY: 0.5
instSize: 41500
mainModel: FldObj_RuinStoneWall_A_12
name: FldObj_RuinStoneWall_A_12
profile: MapConstPassive
sortKey: 29
tags:
  tag3c39db92: 1010424722
traverseDist: 200.0
yLimitAlgorithm: NoLimit
