aabbMax:
  X: 9.837080001831055
  Y: 0.42200300097465515
  Z: 6.918580055236816
aabbMin:
  X: -9.710129737854004
  Y: -0.42544299364089966
  Z: -6.802639961242676
bfres: FldObj_ScaffoldWoodBreak_B
boundingForTraverse: 0.8474460244178772
bugMask: 0
cursorOffsetY: 0.5
instSize: 27608
mainModel: FldObj_ScaffoldWoodBreak_B_Floor_10
name: FldObj_ScaffoldWoodBreak_B_Floor_10
profile: MapConstPassive
sortKey: 2
traverseDist: 300.0
yLimitAlgorithm: NoLimit
