aabbMax:
  X: 8.370030403137207
  Y: 3.3130300045013428
  Z: 55.05720138549805
aabbMin:
  X: -8.39822006225586
  Y: -20.50469970703125
  Z: -52.700199127197266
bfres: FldObj_BridgeWoodGashamahi_A_Far
boundingForTraverse: 23.817729949951172
bugMask: 0
cursorOffsetY: 0.5
instSize: 38940
mainModel: FldObj_BridgeWoodGashamahi_A_01_Far
name: FldObj_BridgeWoodGashamahi_A_01_Far
profile: MapConstPassive
sortKey: 0
tags:
  tag57fd54ce: 1476220110
traverseDist: 1000.0
yLimitAlgorithm: NoLimit
