aabbMax:
  X: 10.754500389099121
  Y: 34.250701904296875
  Z: 11.222200393676758
aabbMin:
  X: -9.526490211486816
  Y: -1.248039960861206
  Z: -0.9619449973106384
bfres: FldObj_RuinStatueKnight_A
boundingForTraverse: 35.498741149902344
bugMask: 0
cursorOffsetY: 0.5
instSize: 79372
isHasFar: true
mainModel: FldObj_RuinStatueKnightSword_A_02
name: FldObj_RuinStatueKnightSword_A_02
profile: MapConstPassive
sortKey: -1
traverseDist: 523.6594848632812
yLimitAlgorithm: NoLimit
