aabbMax:
  X: 2.161910057067871
  Y: 1.290079951286316
  Z: 7.124300003051758
aabbMin:
  X: -2.200279951095581
  Y: -1.4996099472045898
  Z: -7.107639789581299
bfres: FldObj_DesertRuin_A
boundingForTraverse: 2.7896900177001953
bugMask: 0
cursorOffsetY: 0.5
instSize: 28760
mainModel: FldObj_DesertRuin_A_04
name: FldObj_DesertRuin_A_04
profile: MapConstPassive
sortKey: 0
traverseDist: 500.0
yLimitAlgorithm: NoLimit
