aabbMax:
  X: 0.9948490262031555
  Y: 2.0
  Z: 1.0389900207519531
aabbMin:
  X: -1.01882004737854
  Y: 0.0
  Z: -1.0210200548171997
bfres: FldObj_SecretBase_A
boundingForTraverse: 2.0
bugMask: 0
cursorOffsetY: 0.5
instSize: 17140
mainModel: FldObj_SecretBaseRockBlock_A_01
name: FldObj_SecretBaseRockBlock_A_01
profile: MapConstPassive
sortKey: 14
traverseDist: 400.0
yLimitAlgorithm: NoLimit
