aabbMax:
  X: 13.347000122070312
  Y: 117.38200378417969
  Z: 20.430500030517578
aabbMin:
  X: -14.058500289916992
  Y: 39.49340057373047
  Z: -19.564599990844727
bfres: FldObj_OblivionValley_A
boundingForTraverse: 77.88860321044922
bugMask: 0
cursorOffsetY: 0.5
instSize: 183632
isHasFar: true
mainModel: FldObj_OblivionValleyPillar_A_01
name: FldObj_OblivionValleyPillar_A_01
profile: MapConstPassive
sortKey: 0
traverseDist: 548.4837036132812
yLimitAlgorithm: NoLimit
