aabbMax:
  X: 4.854790210723877
  Y: 59.88520050048828
  Z: 5.377240180969238
aabbMin:
  X: -6.056029796600342
  Y: -2.1795899868011475
  Z: -25.11549949645996
bfres: FldObj_SpiderMountain_A_Far
boundingForTraverse: 62.064788818359375
bugMask: 0
cursorOffsetY: 0.5
instSize: 120504
mainModel: FldObj_SpiderMountainWall_A_03_Far
name: FldObj_SpiderMountainWall_A_03_Far
profile: MapConstPassive
sortKey: 0
tags:
  tag57fd54ce: 1476220110
traverseDist: 1000.0
yLimitAlgorithm: NoLimit
