aabbMax:
  X: 28.962200164794922
  Y: 23.463199615478516
  Z: 2.4658401012420654
aabbMin:
  X: -28.777599334716797
  Y: -0.6509630084037781
  Z: -2.637619972229004
bfres: FldObj_SpiderMountain_A_Far
boundingForTraverse: 24.11416244506836
bugMask: 0
cursorOffsetY: 0.5
instSize: 131836
mainModel: FldObj_SpiderMountainGate_A_01_Far
name: FldObj_SpiderMountainGate_A_01_Far
profile: MapConstPassive
sortKey: 0
tags:
  tag57fd54ce: 1476220110
traverseDist: 2000.0
yLimitAlgorithm: NoLimit
