aabbMax:
  X: 3.5169999599456787
  Y: 0.014627000316977501
  Z: 0.01065099984407425
aabbMin:
  X: -4.16726016998291
  Y: -35.32350158691406
  Z: -10.093899726867676
bfres: FldObj_AkkareFort_A_Far
boundingForTraverse: 35.33812713623047
bugMask: 0
cursorOffsetY: 0.5
instSize: 38940
mainModel: FldObj_AkkareFortParts_A_02_Far
name: FldObj_AkkareFortParts_A_02_Far
profile: MapConstPassive
sortKey: 0
tags:
  tag57fd54ce: 1476220110
traverseDist: 3000.0
yLimitAlgorithm: NoLimit
