aabbMax:
  X: 67.0979995727539
  Y: 4.7389397621154785
  Z: 130.69000244140625
aabbMin:
  X: -17.6476993560791
  Y: -119.0469970703125
  Z: -125.4530029296875
bfres: FldObj_CliffOrangeEnd_A
boundingForTraverse: 123.78593444824219
bugMask: 0
cursorOffsetY: 0.5
instSize: 31480
isHasFar: true
mainModel: FldObj_CliffOrangeWallEnd_A_33
name: FldObj_CliffOrangeWallEnd_A_33
profile: MapConstPassive
sortKey: -2
traverseDist: 769.7982177734375
yLimitAlgorithm: NoLimit
