aabbMax:
  X: -6.530700206756592
  Y: 50.5723991394043
  Z: 132.20399475097656
aabbMin:
  X: -135.81500244140625
  Y: -0.7282559871673584
  Z: 3.0796399116516113
bfres: FldObj_HugeMaze_A_Far
boundingForTraverse: 51.300655364990234
bugMask: 0
cursorOffsetY: 0.5
instSize: 17140
mainModel: FldObj_HugeMazeWall_C_04_Far
name: FldObj_HugeMazeWall_C_04_Far
profile: MapConstPassive
sortKey: 0
tags:
  tag57fd54ce: 1476220110
yLimitAlgorithm: NoLimit
