aabbMax:
  X: 0.3141799867153168
  Y: 1.7314499616622925
  Z: 3.026669979095459
aabbMin:
  X: -24.564699172973633
  Y: -26.322799682617188
  Z: -3.5729401111602783
bfres: FldObj_BoneGiant_A_Far
boundingForTraverse: 28.054248809814453
bugMask: 0
cursorOffsetY: 0.5
instSize: 18292
mainModel: FldObj_BoneGiant_Rib_A_02_Far
name: FldObj_BoneGiant_Rib_A_02_Far
profile: MapConstPassive
sortKey: 0
tags:
  tag57fd54ce: 1476220110
yLimitAlgorithm: NoLimit
