aabbMax:
  X: 2.687000036239624
  Y: 15.560799598693848
  Z: 2.7101500034332275
aabbMin:
  X: -2.687000036239624
  Y: -0.014895999804139137
  Z: -2.687000036239624
bfres: FldObj_AncientPillar_A
boundingForTraverse: 15.575695991516113
bugMask: 0
instSize: 40476
mainModel: FldObj_AncientPillar_A_02
name: FldObj_AncientPillar_A_02
profile: MapConstPassive
sortKey: 0
traverseDist: 500.0
yLimitAlgorithm: NoLimit
