aabbMax:
  X: 5.08036994934082
  Y: 58.51499938964844
  Z: 6.593490123748779
aabbMin:
  X: -6.70166015625
  Y: -4.061470031738281
  Z: -25.42020034790039
bfres: FldObj_SpiderMountain_A_Far
boundingForTraverse: 62.57646942138672
bugMask: 0
cursorOffsetY: 0.5
instSize: 120504
mainModel: FldObj_SpiderMountainWall_A_04_Far
name: FldObj_SpiderMountainWall_A_04_Far
profile: MapConstPassive
sortKey: 0
tags:
  tag57fd54ce: 1476220110
traverseDist: 1000.0
yLimitAlgorithm: NoLimit
