aabbMax:
  X: 14.501199722290039
  Y: 0.10000000149011612
  Z: 6.411479949951172
aabbMin:
  X: -14.501199722290039
  Y: -31.523500442504883
  Z: -35.53219985961914
bfres: FldObj_WaterFall_A
boundingForTraverse: 31.62350082397461
bugMask: 0
cursorOffsetY: 0.5
instSize: 19960
mainModel: FldObj_WaterFall_A_S_02
name: FldObj_WaterFall_A_S_02
profile: MapConstPassive
sortKey: 0
tags:
  tag572de768: 1462626152
traverseDist: 500.0
yLimitAlgorithm: NoLimit
