aabbMax:
  X: 6.3084001541137695
  Y: 0.5225229859352112
  Z: -0.1451610028743744
aabbMin:
  X: -6.265110015869141
  Y: 0.04051100090146065
  Z: -12.75100040435791
bfres: FldObj_SnowBallGate_A
boundingForTraverse: 0.482012003660202
bugMask: 0
cursorOffsetY: 0.5
instSize: 18548
isHasFar: true
mainModel: FldObj_SnowBallDoor_A_03
name: FldObj_SnowBallDoor_A_03
profile: MapConstPassive
sortKey: 0
traverseDist: 517.8045043945312
yLimitAlgorithm: NoLimit
