aabbMax:
  X: 20.168699264526367
  Y: 0.10032700002193451
  Z: 6.714079856872559
aabbMin:
  X: -20.035600662231445
  Y: -70.31390380859375
  Z: -24.542999267578125
bfres: FldObj_WaterFall_A_Far
boundingForTraverse: 70.41423034667969
bugMask: 0
cursorOffsetY: 0.5
elink: FldObj_WaterFall_A_M_01
instSize: 20996
mainModel: FldObj_WaterFall_A_M_04_Far
name: FldObj_WaterFall_A_M_04_Far
profile: MapConstPassive
sortKey: 0
tags:
  tag572de768: 1462626152
  tag57fd54ce: 1476220110
traverseDist: 1000.0
yLimitAlgorithm: NoLimit
