aabbMax:
  X: 4.285830020904541
  Y: 2.0050599575042725
  Z: 0.2099979966878891
aabbMin:
  X: -4.7573699951171875
  Y: -0.044929999858140945
  Z: -0.8141250014305115
bfres: FldObj_ScaffoldWoodBreak_B
boundingForTraverse: 2.0499889850616455
bugMask: 0
cursorOffsetY: 0.5
instSize: 17396
mainModel: FldObj_ScaffoldWoodBreak_B_Fence_01
name: FldObj_ScaffoldWoodBreak_B_Fence_01
profile: MapConstPassive
sortKey: -13
yLimitAlgorithm: NoLimit
