aabbMax:
  X: 10.124699592590332
  Y: 67.00409698486328
  Z: 9.917980194091797
aabbMin:
  X: -9.938209533691406
  Y: -4.247759819030762
  Z: -10.117400169372559
bfres: FldObj_DesertRuin_A_Far
boundingForTraverse: 71.2518539428711
bugMask: 0
instSize: 38940
mainModel: FldObj_DesertRuinPillar_A_01_Far
name: FldObj_DesertRuinPillar_A_01_Far
profile: MapConstPassive
sortKey: 0
tags:
  tag57fd54ce: 1476220110
traverseDist: 1000.0
yLimitAlgorithm: NoLimit
