aabbMax:
  X: 1.875
  Y: 20.25
  Z: 1.911810040473938
aabbMin:
  X: -1.875
  Y: -0.1303270012140274
  Z: -1.997249960899353
bfres: FldObj_AncientPillar_A
boundingForTraverse: 20.380327224731445
bugMask: 0
instSize: 28888
mainModel: FldObj_AncientPillar_A_03
name: FldObj_AncientPillar_A_03
profile: MapConstPassive
sortKey: 0
traverseDist: 500.0
yLimitAlgorithm: NoLimit
