aabbMax:
  X: 1.797760009765625
  Y: 1.6415300369262695
  Z: 1.564869999885559
aabbMin:
  X: -1.9233900308609009
  Y: 0.004993999842554331
  Z: -1.6509000062942505
bfres: FldObj_DesertRuin_A
boundingForTraverse: 1.6365360021591187
bugMask: 0
cursorOffsetY: 0.5
instSize: 27608
isHasFar: true
mainModel: FldObj_DesertRuin_A_12
name: FldObj_DesertRuin_A_12
profile: MapConstPassive
sortKey: 0
traverseDist: 504.91815185546875
yLimitAlgorithm: NoLimit
