aabbMax:
  X: 32.04090118408203
  Y: 21.603099822998047
  Z: 4.890639781951904
aabbMin:
  X: -32.375
  Y: -2.677449941635132
  Z: -4.500669956207275
bfres: FldObj_DesertRuin_A_Far
boundingForTraverse: 24.280550003051758
bugMask: 0
instSize: 28760
mainModel: FldObj_DesertRuinWall_A_01_Far
name: FldObj_DesertRuinWall_A_01_Far
profile: MapConstPassive
sortKey: 0
tags:
  tag57fd54ce: 1476220110
traverseDist: 1000.0
yLimitAlgorithm: NoLimit
