aabbMax:
  X: 4.552020072937012
  Y: 11.646400451660156
  Z: 4.236959934234619
aabbMin:
  X: -4.491199970245361
  Y: -0.8321599960327148
  Z: -4.156799793243408
bfres: FldObj_GerudoDesertRock_Far
boundingForTraverse: 12.478560447692871
bugMask: 0
cursorOffsetY: 0.5
instSize: 28856
mainModel: FldObj_GerudoDesertRock_A_22_Far
name: FldObj_GerudoDesertRock_A_22_Far
profile: MapConstPassive
sortKey: 0
tags:
  tag57fd54ce: 1476220110
traverseDist: 1500.0
yLimitAlgorithm: NoLimit
