aabbMax:
  X: 4.257810115814209
  Y: 6.915689945220947
  Z: 3.7765400409698486
aabbMin:
  X: -5.230269908905029
  Y: -0.4444020092487335
  Z: -3.7765400409698486
bfres: FldObj_GerudoDesertRock
boundingForTraverse: 7.3600921630859375
bugMask: 0
cursorOffsetY: 0.5
instSize: 28760
mainModel: FldObj_GerudoDesertRock_A_20
name: FldObj_GerudoDesertRock_A_20
profile: MapConstPassive
sortKey: 0
traverseDist: 800.0
yLimitAlgorithm: NoLimit
