aabbMax:
  X: 11.14009952545166
  Y: 0.2636530101299286
  Z: 14.756400108337402
aabbMin:
  X: -10.576700210571289
  Y: -0.9432560205459595
  Z: -13.693599700927734
bfres: FldObj_HighwayHylia_A
boundingForTraverse: 1.206908941268921
bugMask: 0
cursorOffsetY: 0.5
instSize: 17396
mainModel: FldObj_HighwayHylia_A_02
name: FldObj_HighwayHylia_A_02
profile: MapConstPassive
sortKey: 0
traverseDist: 400.0
yLimitAlgorithm: NoLimit
