aabbMax:
  X: 1.064560055732727
  Y: 0.20145200192928314
  Z: 0.3685159981250763
aabbMin:
  X: -1.4438400268554688
  Y: -0.5742080211639404
  Z: -0.4381459951400757
bfres: FldObj_RuinGuardianSnow_A
boundingForTraverse: 0.77565997838974
bugMask: 0
cursorOffsetY: 0.5
instSize: 17716
mainModel: FldObj_RuinGuardianSnowArm_A_04
name: FldObj_RuinGuardianSnowArm_A_04
profile: MapConstPassive
sortKey: -3
yLimitAlgorithm: NoLimit
