aabbMax:
  X: 22.909500122070312
  Y: 0.23298700153827667
  Z: 14.641599655151367
aabbMin:
  X: -0.7165110111236572
  Y: -1.3142499923706055
  Z: -13.812399864196777
bfres: FldObj_ScaffoldWoodBreak_B
boundingForTraverse: 1.5472370386123657
bugMask: 0
cursorOffsetY: 0.5
instSize: 27608
mainModel: FldObj_ScaffoldWoodBreak_B_Floor_04
name: FldObj_ScaffoldWoodBreak_B_Floor_04
profile: MapConstPassive
sortKey: -26
traverseDist: 400.0
yLimitAlgorithm: NoLimit
