aabbMax:
  X: 15.710599899291992
  Y: 1.5358799695968628
  Z: 9.474760055541992
aabbMin:
  X: -0.4223859906196594
  Y: -14.070500373840332
  Z: -0.5663620233535767
bfres: FldObj_AkkareFortTop_A
boundingForTraverse: 15.606380462646484
bugMask: 0
cursorOffsetY: 0.5
instSize: 160360
mainModel: FldObj_AkkareFortTop_A_08
name: FldObj_AkkareFortTop_A_08
profile: MapConstPassive
sortKey: 0
traverseDist: 500.0
yLimitAlgorithm: NoLimit
