aabbMax:
  X: 5.389200210571289
  Y: 40.97779846191406
  Z: -3.704930067062378
aabbMin:
  X: -4.999470233917236
  Y: 23.498600006103516
  Z: -4.560699939727783
bfres: FldObj_EnemyLookout_C
boundingForTraverse: 17.479198455810547
bugMask: 0
cursorOffsetY: 0.5
instSize: 38428
mainModel: FldObj_EnemyLookout_C_09
name: FldObj_EnemyLookout_C_09
profile: MapConstPassive
sortKey: 4
traverseDist: 300.0
yLimitAlgorithm: NoLimit
