aabbMax:
  X: 12.34589958190918
  Y: 24.10569953918457
  Z: 24.729299545288086
aabbMin:
  X: -23.822900772094727
  Y: -2.412480115890503
  Z: -10.111200332641602
bfres: FldObj_EnemyBaseBanana_A_Far
boundingForTraverse: 26.518178939819336
bugMask: 0
cursorOffsetY: 0.5
instSize: 85708
mainModel: FldObj_EnemyBaseBanana_S_A_01_Far
name: FldObj_EnemyBaseBanana_S_A_01_Far
profile: MapConstPassive
sortKey: 0
tags:
  tag57fd54ce: 1476220110
yLimitAlgorithm: NoLimit
