aabbMax:
  X: 6.088500022888184
  Y: 1.770550012588501
  Z: 2.076780080795288
aabbMin:
  X: -5.911520004272461
  Y: 0.012280999682843685
  Z: -0.3380120098590851
bfres: FldObj_WaterFallBottom_A
boundingForTraverse: 1.75826895236969
bugMask: 0
cursorOffsetY: 0.5
instSize: 19940
mainModel: FldObj_WaterFallSeal_Hateru_A_01
name: FldObj_WaterFallSeal_Hateru_A_01
profile: MapConstPassive
sortKey: 7026
traverseDist: 150.0
yLimitAlgorithm: NoLimit
