aabbMax:
  X: 6.39277982711792
  Y: 35.2510986328125
  Z: 3.577120065689087
aabbMin:
  X: -0.7088050246238708
  Y: -0.3662030100822449
  Z: -3.5853099822998047
attackPower: 0
bfres: FldObj_ScaffoldWood_A
boundingForTraverse: 35.61730194091797
bugMask: 1
cursorOffsetY: 0.5
generalLife: 100
instSize: 127312
lookAtOffsetY: 1.100000023841858
mainModel: FldObj_ScaffoldWood_A_03
name: FldObj_ScaffoldWood_A_03_Stump
profile: MapDynamicPassive
rigidBodyCenterY: 0.021863000467419624
sortKey: -3
systemIsGetItemSelf: false
systemSameGroupActorName: ''
tags:
  tag0f5e860e: 257852942
  tagc28d054e: !u 0xc28d054e
traverseDist: 150.0
yLimitAlgorithm: NoLimit
