aabbMax:
  X: 28.467300415039062
  Y: 7.7016401290893555
  Z: 35.131500244140625
aabbMin:
  X: -28.507699966430664
  Y: -71.40470123291016
  Z: -12.145099639892578
bfres: FldObj_AkkareFort_A_Far
boundingForTraverse: 79.10633850097656
bugMask: 0
cursorOffsetY: 0.5
instSize: 17780
mainModel: FldObj_AkkareFort_A_02_Far
name: FldObj_AkkareFort_A_02_Far
profile: MapConstPassive
sortKey: 0
tags:
  tag57fd54ce: 1476220110
traverseDist: 8000.0
yLimitAlgorithm: NoLimit
