aabbMax:
  X: 5.439919948577881
  Y: 35.14149856567383
  Z: 4.872729778289795
aabbMin:
  X: -5.3089599609375
  Y: -0.007501999847590923
  Z: -6.28203010559082
bfres: FldObj_SecretBase_A
boundingForTraverse: 35.14899826049805
bugMask: 0
cursorOffsetY: 0.5
instSize: 90736
mainModel: FldObj_SecretBaseStoneStatue_A_01
name: FldObj_SecretBaseStoneStatue_A_01
profile: MapConstPassive
sortKey: 18
traverseDist: 400.0
yLimitAlgorithm: NoLimit
