aabbMax:
  X: 80.03610229492188
  Y: 0.4032900035381317
  Z: 7.359720230102539
aabbMin:
  X: -79.63829803466797
  Y: -221.59500122070312
  Z: -24.708999633789062
bfres: FldObj_WaterFallLanayru_A_Far
boundingForTraverse: 221.998291015625
bugMask: 0
cursorOffsetY: 0.5
instSize: 19940
mainModel: FldObj_WaterFallLanayru_A_02_Far
name: FldObj_WaterFallLanayru_A_02_Far
profile: MapConstPassive
sortKey: 0
tags:
  tag57fd54ce: 1476220110
traverseDist: 1000.0
yLimitAlgorithm: NoLimit
