aabbMax:
  X: 127.72799682617188
  Y: 50.72169876098633
  Z: 142.8939971923828
aabbMin:
  X: -15.918100357055664
  Y: -0.8384860157966614
  Z: 2.129930019378662
bfres: FldObj_HugeMaze_A_Far
boundingForTraverse: 51.560184478759766
bugMask: 0
cursorOffsetY: 0.5
instSize: 17140
mainModel: FldObj_HugeMazeWall_C_03_Far
name: FldObj_HugeMazeWall_C_03_Far
profile: MapConstPassive
sortKey: 0
tags:
  tag57fd54ce: 1476220110
yLimitAlgorithm: NoLimit
