aabbMax:
  X: 0.16379399597644806
  Y: 1.673949956893921
  Z: 0.15764600038528442
aabbMin:
  X: -0.15344899892807007
  Y: -4.739840030670166
  Z: -0.15903900563716888
bfres: FldObj_RaftPile_A
boundingForTraverse: 6.413790225982666
bugMask: 0
cursorOffsetY: 0.5
instSize: 17140
mainModel: FldObj_RaftPile_A_01
name: FldObj_RaftPile_A_01
profile: MapConstPassive
sortKey: 0
yLimitAlgorithm: NoLimit
