aabbMax:
  X: 2.0894100666046143
  Y: 3.9887399673461914
  Z: 0.282492995262146
aabbMin:
  X: -2.0004398822784424
  Y: -0.35097000002861023
  Z: -0.3651390075683594
attackPower: 0
bfres: FldObj_SecretBase_A
boundingForTraverse: 4.339710235595703
bugMask: 1
cursorOffsetY: 0.5
generalLife: 100
instSize: 45552
mainModel: FldObj_SecretBasePrisonDoor_A_01
name: FldObj_SecretBasePrisonDoor_A_01
profile: MapDynamicActive
rigidBodyCenterY: 2.184530019760132
sortKey: 26
systemIsGetItemSelf: false
systemSameGroupActorName: ''
traverseDist: 400.0
yLimitAlgorithm: NoLimit
