aabbMax:
  X: 6.597080230712891
  Y: 0.30278900265693665
  Z: 8.890419960021973
aabbMin:
  X: -8.469169616699219
  Y: -0.8313599824905396
  Z: -6.439430236816406
bfres: FldObj_AncientPillar_A
boundingForTraverse: 1.1341489553451538
bugMask: 0
cursorOffsetY: 0.5
instSize: 18548
mainModel: FldObj_AncientFloor_A_01
name: FldObj_AncientFloor_A_01
profile: MapConstPassive
sortKey: -4
traverseDist: 500.0
yLimitAlgorithm: NoLimit
