aabbMax:
  X: 3.6081199645996094
  Y: 23.503299713134766
  Z: 4.882989883422852
aabbMin:
  X: -3.2681798934936523
  Y: -0.5306640267372131
  Z: -4.097139835357666
bfres: FldObj_RuinStatueDragon_A
boundingForTraverse: 24.033964157104492
bugMask: 0
cursorOffsetY: 0.5
instSize: 17396
isHasFar: true
mainModel: FldObj_RuinStatueDragon_A_05
name: FldObj_RuinStatueDragon_A_05
profile: MapConstPassive
sortKey: 1
traverseDist: 511.3104553222656
yLimitAlgorithm: NoLimit
