aabbMax:
  X: 81.53990173339844
  Y: 50.75870132446289
  Z: 121.76399993896484
aabbMin:
  X: -1.0513800382614136
  Y: -0.6751329898834229
  Z: -0.16654199361801147
bfres: FldObj_HugeMaze_A_Far
boundingForTraverse: 51.433834075927734
bugMask: 0
cursorOffsetY: 0.5
instSize: 17140
mainModel: FldObj_HugeMazeWall_A_02_Far
name: FldObj_HugeMazeWall_A_02_Far
profile: MapConstPassive
sortKey: 0
tags:
  tag57fd54ce: 1476220110
traverseDist: 1000.0
yLimitAlgorithm: NoLimit
