aabbMax:
  X: 19.725799560546875
  Y: 6.073070049285889
  Z: 23.178300857543945
aabbMin:
  X: -15.203200340270996
  Y: -7.52977991104126
  Z: -25.543800354003906
bfres: FldObj_RockAkkare_A
boundingForTraverse: 13.602849960327148
bugMask: 0
cursorOffsetY: 0.5
instSize: 18548
mainModel: FldObj_RockSetAkkare_A_04
name: FldObj_RocksetAkkare_A_04
profile: MapConstPassive
sortKey: 0
traverseDist: 500.0
yLimitAlgorithm: NoLimit
