aabbMax:
  X: 2.7459800243377686
  Y: 1.542099952697754
  Z: 1.2571899890899658
aabbMin:
  X: -2.820470094680786
  Y: -0.19826899468898773
  Z: -1.2473499774932861
bfres: FldObj_DesertRuin_A
boundingForTraverse: 1.7403689622879028
bugMask: 0
cursorOffsetY: 0.5
instSize: 27608
isHasFar: true
mainModel: FldObj_DesertRuin_A_11
name: FldObj_DesertRuin_A_11
profile: MapConstPassive
sortKey: 0
traverseDist: 506.10394287109375
yLimitAlgorithm: NoLimit
