aabbMax:
  X: 3.6081199645996094
  Y: 15.620499610900879
  Z: 3.8027501106262207
aabbMin:
  X: -3.246530055999756
  Y: -0.5530890226364136
  Z: -4.652349948883057
bfres: FldObj_RuinStatueDragon_A
boundingForTraverse: 16.173587799072266
bugMask: 0
cursorOffsetY: 0.5
instSize: 27608
mainModel: FldObj_RuinStatueDragon_A_04
name: FldObj_RuinStatueDragon_A_04
profile: MapConstPassive
sortKey: 1
yLimitAlgorithm: NoLimit
