aabbMax:
  X: 1.8356499671936035
  Y: 1.0410000085830688
  Z: 4.960529804229736
aabbMin:
  X: -0.8288779854774475
  Y: -10.226099967956543
  Z: -2.8833398818969727
bfres: FldObj_TreeRootTropical_A
boundingForTraverse: 11.26710033416748
bugMask: 0
cursorOffsetY: 0.5
instSize: 18548
mainModel: FldObj_TreeRootTropical_A_M_02
name: FldObj_TreeRootTropical_A_M_02
profile: MapConstPassive
sortKey: -6
yLimitAlgorithm: NoLimit
