aabbMax:
  X: 9.936490058898926
  Y: 4.376440048217773
  Z: 0.3092750012874603
aabbMin:
  X: -0.740900993347168
  Y: -18.98780059814453
  Z: -21.8164005279541
bfres: FldObj_AkkareFortTop_A
boundingForTraverse: 23.364240646362305
bugMask: 0
cursorOffsetY: 0.5
instSize: 148868
mainModel: FldObj_AkkareFortTop_A_09
name: FldObj_AkkareFortTop_A_09
profile: MapConstPassive
sortKey: 0
traverseDist: 500.0
yLimitAlgorithm: NoLimit
