aabbMax:
  X: 1.3149199485778809
  Y: 2.4947900772094727
  Z: 0.5380129814147949
aabbMin:
  X: -1.2520300149917603
  Y: -0.0015699999639764428
  Z: -0.3743489980697632
bfres: FldObj_CmnRuinFurniture_A
boundingForTraverse: 2.4963600635528564
bugMask: 0
cursorOffsetY: 0.5
instSize: 38172
mainModel: FldObj_CmnRuinFurniture_Shelf_A_01
name: FldObj_CmnRuinFurniture_Shelf_A_01
profile: MapConstPassive
sortKey: 0
yLimitAlgorithm: NoLimit
