aabbMax:
  X: 10.0
  Y: 17.103700637817383
  Z: -2.0228800773620605
aabbMin:
  X: -10.0
  Y: 2.771749973297119
  Z: -9.006050109863281
bfres: FldObj_RuinStonePavement_A
boundingForTraverse: 14.331951141357422
bugMask: 0
cursorOffsetY: 0.5
instSize: 41500
mainModel: FldObj_RuinStoneWall_A_20
name: FldObj_RuinStoneWall_A_20
profile: MapConstPassive
sortKey: 35
tags:
  tag3c39db92: 1010424722
traverseDist: 500.0
yLimitAlgorithm: NoLimit
