aabbMax:
  X: 12.228699684143066
  Y: 23.917299270629883
  Z: 25.180999755859375
aabbMin:
  X: -24.147300720214844
  Y: -3.1429998874664307
  Z: -10.086000442504883
bfres: FldObj_EnemyBaseBanana_A
boundingForTraverse: 27.060298919677734
bugMask: 0
cursorOffsetY: 0.5
instSize: 106900
isHasFar: true
mainModel: FldObj_EnemyBaseBanana_S_A_01
name: FldObj_EnemyBaseBanana_S_A_01
profile: MapConstPassive
sortKey: -1
traverseDist: 550.6653442382812
yLimitAlgorithm: NoLimit
