aabbMax:
  X: 2.4880900382995605
  Y: 0.7097899913787842
  Z: 6.008359909057617
aabbMin:
  X: -2.322160005569458
  Y: -17.677400588989258
  Z: -3.3662099838256836
bfres: FldObj_AkkareFortTop_A
boundingForTraverse: 18.387189865112305
bugMask: 0
cursorOffsetY: 0.5
instSize: 84940
mainModel: FldObj_AkkareFortTop_A_10
name: FldObj_AkkareFortTop_A_10
profile: MapConstPassive
sortKey: 0
traverseDist: 500.0
yLimitAlgorithm: NoLimit
