aabbMax:
  X: 18.989099502563477
  Y: 27.323299407958984
  Z: 6.469319820404053
aabbMin:
  X: -17.13360023498535
  Y: -3.0382399559020996
  Z: -9.324729919433594
bfres: FldObj_DeathMtArtifact_A
boundingForTraverse: 30.361539840698242
bugMask: 0
cursorOffsetY: 0.5
instSize: 82508
isHasFar: true
mainModel: FldObj_DeathMtArtifactGate_A_01
name: FldObj_DeathMtArtifactGate_A_01
profile: MapConstPassive
sortKey: -2
traverseDist: 539.4246215820312
yLimitAlgorithm: NoLimit
