aabbMax:
  X: 28.225200653076172
  Y: 28.71579933166504
  Z: 18.59910011291504
aabbMin:
  X: -15.267800331115723
  Y: -3.1429998874664307
  Z: -26.05430030822754
attackPower: 0
bfres: FldObj_EnemyBaseBanana_A
boundingForTraverse: 31.85879898071289
bugMask: 0
cursorOffsetY: 0.5
generalLife: 100
instSize: 127180
isHasFar: true
mainModel: FldObj_EnemyBaseBanana_L_A_01
name: FldObj_EnemyBaseBanana_L_A_01
profile: MapConstActive
rigidBodyCenterY: 9.016670227050781
sortKey: 0
systemIsGetItemSelf: false
systemSameGroupActorName: ''
traverseDist: 562.3342895507812
yLimitAlgorithm: NoLimit
