aabbMax:
  X: 2.986720085144043
  Y: 6.666920185089111
  Z: 5.504759788513184
aabbMin:
  X: -2.5736100673675537
  Y: -2.688849925994873
  Z: -5.504759788513184
bfres: FldObj_SecretBase_A
boundingForTraverse: 9.355770111083984
bugMask: 0
cursorOffsetY: 0.5
instSize: 71528
mainModel: FldObj_SecretBaseHoleGate_A_02
name: FldObj_SecretBaseHoleGate_A_02
profile: MapConstPassive
sortKey: 2
traverseDist: 300.0
yLimitAlgorithm: NoLimit
