aabbMax:
  X: 18.50589942932129
  Y: 0.6562960147857666
  Z: 10.419300079345703
aabbMin:
  X: -19.731800079345703
  Y: -176.25900268554688
  Z: -26.473499298095703
bfres: FldObj_WaterFallAkkare_A_Far
boundingForTraverse: 176.91529846191406
bugMask: 0
cursorOffsetY: 0.5
elink: FldObj_WaterFallAkkare_A_01
instSize: 20996
mainModel: FldObj_WaterFallAkkare_A_01_Far
name: FldObj_WaterFallAkkare_A_01_Far
profile: MapConstPassive
sortKey: 0
tags:
  tag572de768: 1462626152
  tag57fd54ce: 1476220110
traverseDist: 1000.0
yLimitAlgorithm: NoLimit
