aabbMax:
  X: 2.3914101123809814
  Y: 0.013605999760329723
  Z: 2.157219886779785
aabbMin:
  X: -2.112190008163452
  Y: -1.6994600296020508
  Z: -3.1745998859405518
bfres: FldObj_BridgeZora_A
boundingForTraverse: 1.7130659818649292
bugMask: 0
cursorOffsetY: 0.5
instSize: 28056
mainModel: FldObj_BridgeZoraWoodScaffold_A_02
name: FldObj_BridgeZoraWoodScaffold_A_02
profile: MapConstPassive
sortKey: 0
yLimitAlgorithm: NoLimit
