aabbMax:
  X: 21.75749969482422
  Y: 17.73819923400879
  Z: 4.783400058746338
aabbMin:
  X: -20.97170066833496
  Y: -2.0394999980926514
  Z: -4.484139919281006
attackPower: 0
bfres: FldObj_SunazarashiRace_A
boundingForTraverse: 19.777698516845703
bugMask: 0
cursorOffsetY: 0.5
generalLife: 100
instSize: 89280
mainModel: FldObj_RaceGoalGate_A_01
name: FldObj_GoalGate
profile: MapDynamicActive
rigidBodyCenterY: 2.0056300163269043
sortKey: -1
systemIsGetItemSelf: false
systemSameGroupActorName: ''
traverseDist: 1000.0
yLimitAlgorithm: NoLimit
