aabbMax:
  X: 10.926400184631348
  Y: 1.9804999828338623
  Z: 8.599720001220703
aabbMin:
  X: -8.873889923095703
  Y: -1.933859944343567
  Z: -6.632420063018799
bfres: FldObj_RockPollution_A
boundingForTraverse: 3.9143600463867188
bugMask: 0
cursorOffsetY: 0.5
instSize: 17396
mainModel: FldObj_RockPollution_A_M_01
name: FldObj_RockPollution_A_M_01
profile: MapConstPassive
sortKey: 0
traverseDist: 500.0
yLimitAlgorithm: NoLimit
