aabbMax:
  X: 5.499070167541504
  Y: 1.167799949645996
  Z: 4.980939865112305
aabbMin:
  X: -5.556779861450195
  Y: -20.237899780273438
  Z: -2.1571500301361084
bfres: FldObj_TreeRootTropical_A
boundingForTraverse: 21.40570068359375
bugMask: 0
cursorOffsetY: 0.5
instSize: 18548
isHasFar: true
mainModel: FldObj_TreeRootTropical_A_L_04
name: FldObj_TreeRootTropical_A_L_04
profile: MapConstPassive
sortKey: 7
traverseDist: 513.1599731445312
yLimitAlgorithm: NoLimit
