aabbMax:
  X: 16.3125
  Y: 5.32342004776001
  Z: 8.770990371704102
aabbMin:
  X: -15.776200294494629
  Y: -2.0138399600982666
  Z: -12.765899658203125
bfres: FldObj_RockAkkare_A
boundingForTraverse: 7.337259769439697
bugMask: 0
cursorOffsetY: 0.5
instSize: 18548
mainModel: FldObj_RockSetAkkare_A_01
name: FldObj_RocksetAkkare_A_01
profile: MapConstPassive
sortKey: 0
traverseDist: 500.0
yLimitAlgorithm: NoLimit
