aabbMax:
  X: 12.75
  Y: 16.925100326538086
  Z: 0.16244100034236908
aabbMin:
  X: -12.75
  Y: -26.379600524902344
  Z: -33.66579818725586
bfres: FldObj_DeathMtLavaFall_A_Far
boundingForTraverse: 43.30470275878906
bugMask: 0
cursorOffsetY: 0.5
instSize: 19956
mainModel: FldObj_DeathMtLavaFall_A_05_Far
name: FldObj_DeathMtLavaFall_A_05_Far
profile: MapConstPassive
sortKey: 0
tags:
  tag57fd54ce: 1476220110
traverseDist: 1500.0
yLimitAlgorithm: NoLimit
