aabbMax:
  X: 62.39440155029297
  Y: 55.86360168457031
  Z: 67.00019836425781
aabbMin:
  X: -63.34479904174805
  Y: -25.253700256347656
  Z: -99.75689697265625
bfres: FldObj_PlayerChapel_C
boundingForTraverse: 81.11730194091797
bugMask: 0
cursorOffsetY: 0.5
instSize: 348908
isHasFar: true
mainModel: FldObj_PlayerChapel_C_01
name: FldObj_PlayerChapel_C_01
profile: MapConstPassive
sortKey: 2
traverseDist: 708.849853515625
yLimitAlgorithm: NoLimit
