aabbMax:
  X: 23.052499771118164
  Y: 21.31220054626465
  Z: 15.32759952545166
aabbMin:
  X: -18.195100784301758
  Y: -1.9791200160980225
  Z: -25.57110023498535
bfres: FldObj_SnowScaffoldWood_B
boundingForTraverse: 23.29132080078125
bugMask: 0
cursorOffsetY: 0.5
instSize: 95792
isHasFar: true
mainModel: FldObj_SnowScaffoldWood_B_01
name: FldObj_SnowScaffoldWood_B_01
profile: MapConstPassive
sortKey: 0
traverseDist: 558.0867309570312
yLimitAlgorithm: NoLimit
