aabbMax:
  X: 2.0417799949645996
  Y: 2.273590087890625
  Z: 1.4941500425338745
aabbMin:
  X: -2.0728600025177
  Y: 0.5641340017318726
  Z: -1.6965999603271484
bfres: FldObj_SecretBase_A
boundingForTraverse: 1.709455966949463
bugMask: 0
cursorOffsetY: 0.5
instSize: 38876
mainModel: FldObj_SecretBaseArticle_A_02
name: FldObj_SecretBaseArticle_A_02
profile: MapConstPassive
sortKey: 29
traverseDist: 400.0
yLimitAlgorithm: NoLimit
