aabbMax:
  X: 130.00599670410156
  Y: 4.499989986419678
  Z: 100.01399993896484
aabbMin:
  X: -130.0019989013672
  Y: -39.9900016784668
  Z: -104.19499969482422
bfres: FldObj_HugeMaze_A_Far
boundingForTraverse: 44.489990234375
bugMask: 0
cursorOffsetY: 0.5
instSize: 77608
mainModel: FldObj_HugeMazeParts_B_09_Far
name: FldObj_HugeMazeParts_B_09_Far
profile: MapConstPassive
sortKey: 0
tags:
  tag57fd54ce: 1476220110
yLimitAlgorithm: NoLimit
