aabbMax:
  X: 4.537710189819336
  Y: 4.440810203552246
  Z: 4.516290187835693
aabbMin:
  X: -4.593400001525879
  Y: -1.0
  Z: -3.981679916381836
bfres: FldObj_HyliaWoodRuin_A
boundingForTraverse: 5.440810203552246
bugMask: 0
cursorOffsetY: 0.5
instSize: 50560
mainModel: FldObj_HyliaWoodRuinShelter_A_01
name: FldObj_HyliaWoodRuinShelter_A_01
profile: MapConstPassive
sortKey: 0
yLimitAlgorithm: NoLimit
