aabbMax:
  X: 0.6600300073623657
  Y: 0.9585040211677551
  Z: 0.007215999998152256
aabbMin:
  X: -0.6600319743156433
  Y: -0.9966080188751221
  Z: -0.8869310021400452
bfres: FldObj_SecretBase_A
boundingForTraverse: 1.9551119804382324
bugMask: 0
cursorOffsetY: 0.5
instSize: 28440
mainModel: FldObj_SecretBaseLamp_A_01
name: FldObj_SecretBaseLamp_A_01
profile: MapConstPassive
sortKey: -2
tags:
  tag0d23ee8c: 220458636
traverseDist: 400.0
yLimitAlgorithm: NoLimit
