aabbMax:
  X: 3.4669699668884277
  Y: 0.23416699469089508
  Z: 0.4941039979457855
aabbMin:
  X: -4.174009799957275
  Y: -35.32350158691406
  Z: -10.444899559020996
bfres: FldObj_AkkareFort_A
boundingForTraverse: 35.55766677856445
bugMask: 0
cursorOffsetY: 0.5
instSize: 80652
isHasFar: true
mainModel: FldObj_AkkareFortParts_A_02
name: FldObj_AkkareFortParts_A_02
profile: MapConstPassive
sortKey: 0
traverseDist: 513.3433837890625
yLimitAlgorithm: NoLimit
