aabbMax:
  X: 3.1368799209594727
  Y: 1.375939965248108
  Z: 0.6240059733390808
aabbMin:
  X: -3.1368799209594727
  Y: -0.286547988653183
  Z: -1.615630030632019
bfres: FldObj_WeaponStand_A
boundingForTraverse: 1.6624879837036133
bugMask: 0
instSize: 38044
mainModel: FldObj_WeaponStand_A_01
name: FldObj_WeaponStand_A_01
profile: MapConstPassive
sortKey: 20
tags:
  tag6308f367: 1661530983
traverseDist: 150.0
yLimitAlgorithm: NoLimit
