aabbMax:
  X: 24.302600860595703
  Y: 0.160629004240036
  Z: 10.068400382995605
aabbMin:
  X: -23.805500030517578
  Y: -137.0970001220703
  Z: -39.39080047607422
bfres: FldObj_WaterFallAkkare_A_Far
boundingForTraverse: 137.25762939453125
bugMask: 0
cursorOffsetY: 0.5
elink: FldObj_WaterFallAkkare_A_02
instSize: 21252
mainModel: FldObj_WaterFallAkkare_A_02_Far
name: FldObj_WaterFallAkkare_A_02_Far
profile: MapConstPassive
sortKey: 0
tags:
  tag572de768: 1462626152
  tag57fd54ce: 1476220110
traverseDist: 4000.0
yLimitAlgorithm: NoLimit
