aabbMax:
  X: 4.647779941558838
  Y: 62.078399658203125
  Z: 4.657070159912109
aabbMin:
  X: -4.64778995513916
  Y: -1.248039960861206
  Z: -25.213699340820312
bfres: FldObj_SpiderMountain_A
boundingForTraverse: 63.326438903808594
bugMask: 0
cursorOffsetY: 0.5
instSize: 131580
isHasFar: true
mainModel: FldObj_SpiderMountainWall_A_03
name: FldObj_SpiderMountainWall_A_03
profile: MapConstPassive
sortKey: 0
traverseDist: 531.28369140625
yLimitAlgorithm: NoLimit
