aabbMax:
  X: 8.269749641418457
  Y: 6.244269847869873
  Z: 5.139510154724121
aabbMin:
  X: -6.682690143585205
  Y: -0.7616620063781738
  Z: -4.848390102386475
bfres: FldObj_GerudoDesertRock
boundingForTraverse: 7.005931854248047
bugMask: 0
cursorOffsetY: 0.5
instSize: 28760
mainModel: FldObj_GerudoDesertRock_A_30
name: FldObj_GerudoDesertRock_A_30
profile: MapConstPassive
sortKey: 0
traverseDist: 300.0
yLimitAlgorithm: NoLimit
