aabbMax:
  X: 24.16990089416504
  Y: 0.4032970070838928
  Z: 7.356649875640869
aabbMin:
  X: -24.16990089416504
  Y: -77.05030059814453
  Z: -25.0
bfres: FldObj_WaterFallLanayru_A_Far
boundingForTraverse: 77.45359802246094
bugMask: 0
cursorOffsetY: 0.5
instSize: 19940
mainModel: FldObj_WaterFallLanayru_A_04_Far
name: FldObj_WaterFallLanayru_A_04_Far
profile: MapConstPassive
sortKey: 0
tags:
  tag57fd54ce: 1476220110
traverseDist: 1000.0
yLimitAlgorithm: NoLimit
