aabbMax:
  X: 0.5549820065498352
  Y: 5.610610008239746
  Z: 4.651679992675781
aabbMin:
  X: -0.554980993270874
  Y: -0.1892549991607666
  Z: -4.649199962615967
bfres: FldObj_EnemyLookout_C
boundingForTraverse: 5.799864768981934
bugMask: 0
cursorOffsetY: 0.5
instSize: 27608
mainModel: FldObj_EnemyLookout_C_06
name: FldObj_EnemyLookout_C_06
profile: MapConstPassive
sortKey: 8
traverseDist: 300.0
yLimitAlgorithm: NoLimit
