aabbMax:
  X: 103.36699676513672
  Y: 242.04200744628906
  Z: 38.71900177001953
aabbMin:
  X: -91.77120208740234
  Y: 32.85100173950195
  Z: -76.69580078125
bfres: FldObj_OblivionValley_A
boundingForTraverse: 209.19100952148438
bugMask: 0
cursorOffsetY: 0.5
instSize: 505824
isHasFar: true
mainModel: FldObj_OblivionValleyWall_C_01
name: FldObj_OblivionValleyWall_C_01
profile: MapConstPassive
sortKey: 0
traverseDist: 726.7145385742188
yLimitAlgorithm: NoLimit
