aabbMax:
  X: 24.16990089416504
  Y: 0.4032970070838928
  Z: 7.356649875640869
aabbMin:
  X: -24.16990089416504
  Y: -77.05030059814453
  Z: -25.0
bfres: FldObj_WaterFallLanayru_A
boundingForTraverse: 77.45359802246094
bugMask: 0
cursorOffsetY: 0.5
instSize: 19940
isHasFar: true
mainModel: FldObj_WaterFallLanayru_A_04
name: FldObj_WaterFallLanayru_A_04
profile: MapConstPassive
sortKey: -2
traverseDist: 558.1694946289062
yLimitAlgorithm: NoLimit
