aabbMax:
  X: 0.13798899948596954
  Y: 1.359429955482483
  Z: 0.1349720060825348
aabbMin:
  X: -0.13798899948596954
  Y: -7.76285982131958
  Z: -0.1349720060825348
bfres: FldObj_PierSnow_A
boundingForTraverse: 9.122289657592773
bugMask: 0
cursorOffsetY: 0.5
instSize: 27608
mainModel: FldObj_PierSnowProp_A_03
name: FldObj_PierSnowProp_A_03
profile: MapConstPassive
sortKey: 0
yLimitAlgorithm: NoLimit
