aabbMax:
  X: 2.3566300868988037
  Y: 27.62700080871582
  Z: 2.448280096054077
aabbMin:
  X: -2.4836599826812744
  Y: -6.000000212225132e-06
  Z: -2.4852499961853027
bfres: FldObj_SpiderMountain_A
boundingForTraverse: 27.62700653076172
bugMask: 0
cursorOffsetY: 0.5
instSize: 74600
isHasFar: true
mainModel: FldObj_SpiderMountainPiller_A_01
name: FldObj_SpiderMountainPiller_A_01
profile: MapConstPassive
sortKey: 0
traverseDist: 506.91143798828125
yLimitAlgorithm: NoLimit
