aabbMax:
  X: 21.75749969482422
  Y: 17.73819923400879
  Z: 4.783400058746338
aabbMin:
  X: -20.97170066833496
  Y: -2.0394999980926514
  Z: -4.484139919281006
bfres: FldObj_SunazarashiRace_A
boundingForTraverse: 19.777698516845703
bugMask: 0
cursorOffsetY: 0.5
instSize: 60772
isHasFar: true
mainModel: FldObj_RaceStartGate_A_01
name: FldObj_StartGate
profile: MapConstPassive
sortKey: -2
traverseDist: 543.72265625
yLimitAlgorithm: NoLimit
