aabbMax:
  X: -53.292999267578125
  Y: 17.333200454711914
  Z: -57.590599060058594
aabbMin:
  X: -95.714599609375
  Y: -0.21380400657653809
  Z: -89.54440307617188
bfres: FldObj_SecretBase_A
boundingForTraverse: 17.54700469970703
bugMask: 0
cursorOffsetY: 0.5
instSize: 215100
mainModel: FldObj_SecretBase_A_04
name: FldObj_SecretBase_A_04
profile: MapConstPassive
sortKey: -5
tags:
  tag03528579: 55739769
traverseDist: 400.0
yLimitAlgorithm: NoLimit
