aabbMax:
  X: 2.640000104904175
  Y: 3.5199999809265137
  Z: 0.2200009971857071
aabbMin:
  X: -2.640000104904175
  Y: 0.0
  Z: -0.2199999988079071
attackPower: 0
bfres: FldObj_SecretBase_A
boundingForTraverse: 3.5199999809265137
bugMask: 2
cursorOffsetY: 0.5
generalLife: 100
instSize: 52284
locators:
- pos_x: 2.0
  pos_y: 2.0
  pos_z: 0.0
  rot_x: 0.0
  rot_y: 0.0
  rot_z: 0.0
  type: MagnePos
mainModel: FldObj_SecretBaseBoardIron_A_01
name: FldObj_SecretBaseBoardIron_A_01
profile: MapDynamicActive
rigidBodyCenterY: 1.75
slink: FldObj_SecretBaseBoardIron_A_01
sortKey: 20
systemIsGetItemSelf: false
systemSameGroupActorName: ''
tags:
  tag0fee9a49: 267295305
  tagb51794dc: !u 0xb51794dc
traverseDist: 400.0
yLimitAlgorithm: NoLimit
