aabbMax:
  X: 0.2729800045490265
  Y: -0.13448399305343628
  Z: 5.667699813842773
aabbMin:
  X: -0.21502000093460083
  Y: -7.837250232696533
  Z: -5.947299957275391
bfres: FldObj_RiverPile_A
boundingForTraverse: 7.702765941619873
bugMask: 0
instSize: 27608
mainModel: FldObj_RiverPile_A_01
name: FldObj_RiverPile_A_01
profile: MapConstPassive
sortKey: -6
traverseDist: 150.0
yLimitAlgorithm: NoLimit
