aabbMax:
  X: 2.670300006866455
  Y: 1.2138099670410156
  Z: 5.00439977645874
aabbMin:
  X: -4.3049798011779785
  Y: -13.955900192260742
  Z: -2.2294700145721436
bfres: FldObj_TreeRootTropical_A_Far
boundingForTraverse: 15.169710159301758
bugMask: 0
cursorOffsetY: 0.5
instSize: 18292
mainModel: FldObj_TreeRootTropical_A_L_04_Far
name: FldObj_TreeRootTropical_A_L_04_Far
profile: MapConstPassive
sortKey: 0
tags:
  tag57fd54ce: 1476220110
yLimitAlgorithm: NoLimit
