aabbMax:
  X: 10.526800155639648
  Y: 15.217700004577637
  Z: 1.9331899881362915
aabbMin:
  X: -10.455900192260742
  Y: -0.23207299411296844
  Z: -2.687000036239624
bfres: FldObj_DesertRuin_A_Far
boundingForTraverse: 15.449772834777832
bugMask: 0
cursorOffsetY: 0.5
instSize: 17140
mainModel: FldObj_DesertRuin_A_05_Far
name: FldObj_DesertRuin_A_05_Far
profile: MapConstPassive
sortKey: 0
tags:
  tag57fd54ce: 1476220110
traverseDist: 1000.0
yLimitAlgorithm: NoLimit
