aabbMax:
  X: 91.87770080566406
  Y: 5.789850234985352
  Z: 112.58999633789062
aabbMin:
  X: -94.48660278320312
  Y: -125.88500213623047
  Z: -114.10700225830078
bfres: FldObj_CliffOrangeEnd_A
boundingForTraverse: 131.6748504638672
bugMask: 0
cursorOffsetY: 0.5
instSize: 31736
isHasFar: true
mainModel: FldObj_CliffOrangeWallEnd_A_34
name: FldObj_CliffOrangeWallEnd_A_34
profile: MapConstPassive
sortKey: 0
traverseDist: 793.467529296875
yLimitAlgorithm: NoLimit
