aabbMax:
  X: 2.1280300617218018
  Y: 84.75399780273438
  Z: 0.7036619782447815
aabbMin:
  X: -19.577800750732422
  Y: -11.012100219726562
  Z: -82.12460327148438
bfres: FldObj_OblivionValley_A
boundingForTraverse: 95.76609802246094
bugMask: 0
cursorOffsetY: 0.5
instSize: 220380
isHasFar: true
mainModel: FldObj_OblivionValleyWall_A_02
name: FldObj_OblivionValleyWall_A_02
profile: MapConstPassive
sortKey: 0
traverseDist: 585.6251220703125
yLimitAlgorithm: NoLimit
