aabbMax:
  X: 75.0
  Y: 0.0
  Z: 70.0
aabbMin:
  X: -55.000701904296875
  Y: -0.02589399926364422
  Z: -70.0009994506836
bfres: FldObj_HugeMaze_A_Far
boundingForTraverse: 0.02589399926364422
bugMask: 0
cursorOffsetY: 0.5
instSize: 53120
mainModel: FldObj_HugeMazeGround_B_02_Far
name: FldObj_HugeMazeGround_B_02_Far
profile: MapConstPassive
sortKey: 0
tags:
  tag57fd54ce: 1476220110
traverseDist: 1000.0
yLimitAlgorithm: NoLimit
