aabbMax:
  X: 0.27365899085998535
  Y: 0.0
  Z: 0.2739480137825012
aabbMin:
  X: -0.27366501092910767
  Y: -0.5597140192985535
  Z: -0.2733590006828308
bfres: FldObj_SecretBase_A
boundingForTraverse: 0.5597140192985535
bugMask: 0
cursorOffsetY: 0.5
instSize: 28184
mainModel: FldObj_SecretBaseLamp_B_01
name: FldObj_SecretBaseLamp_B_01
profile: MapConstPassive
sortKey: -1
tags:
  tag0d23ee8c: 220458636
traverseDist: 400.0
yLimitAlgorithm: NoLimit
