aabbMax:
  X: 2.8324899673461914
  Y: 27.40920066833496
  Z: 2.5521399974823
aabbMin:
  X: -2.7473700046539307
  Y: 0.3735499978065491
  Z: -2.6829800605773926
bfres: FldObj_SpiderMountain_A_Far
boundingForTraverse: 27.0356502532959
bugMask: 0
cursorOffsetY: 0.5
instSize: 52864
mainModel: FldObj_SpiderMountainPiller_A_01_Far
name: FldObj_SpiderMountainPiller_A_01_Far
profile: MapConstPassive
sortKey: 0
tags:
  tag57fd54ce: 1476220110
traverseDist: 1000.0
yLimitAlgorithm: NoLimit
