aabbMax:
  X: 36.72869873046875
  Y: 26.67959976196289
  Z: 35.32419967651367
aabbMin:
  X: -15.010299682617188
  Y: -5.848989963531494
  Z: -63.307701110839844
bfres: FldObj_SecretBase_A
boundingForTraverse: 32.52859115600586
bugMask: 0
instSize: 149188
mainModel: FldObj_SecretBase_A_02
name: FldObj_SecretBase_A_02
profile: MapConstPassive
sortKey: -7
tags:
  tag03528579: 55739769
traverseDist: 400.0
yLimitAlgorithm: NoLimit
