aabbMax:
  X: 1.171589970588684
  Y: 4.021759986877441
  Z: 3.123260021209717
aabbMin:
  X: -1.1724200248718262
  Y: -0.011021999642252922
  Z: -0.9527900218963623
bfres: FldObj_SecretBase_A
boundingForTraverse: 4.032782077789307
bugMask: 0
cursorOffsetY: 0.5
instSize: 28440
mainModel: FldObj_SecretBaseArticle_A_01
name: FldObj_SecretBaseArticle_A_01
profile: MapConstPassive
sortKey: 28
traverseDist: 400.0
yLimitAlgorithm: NoLimit
