aabbMax:
  X: 29.55590057373047
  Y: 39.836299896240234
  Z: 16.432199478149414
aabbMin:
  X: -18.743999481201172
  Y: -2.8297901153564453
  Z: -20.654499053955078
bfres: FldObj_ScaffoldIron_A
boundingForTraverse: 42.66609191894531
bugMask: 0
cursorOffsetY: 0.5
instSize: 80780
mainModel: FldObj_ScaffoldIron_A_01
name: FldObj_ScaffoldIron_A_01
profile: MapConstPassive
sortKey: -9
traverseDist: 500.0
yLimitAlgorithm: NoLimit
