aabbMax:
  X: 5.400000095367432
  Y: 0.3003619909286499
  Z: 4.807569980621338
aabbMin:
  X: -5.429289817810059
  Y: -40.312599182128906
  Z: -14.506099700927734
bfres: FldObj_WaterFallHyrulePrairie_A
boundingForTraverse: 40.61296081542969
bugMask: 0
cursorOffsetY: 0.5
instSize: 19960
isHasFar: true
mainModel: FldObj_WaterFallHyrulePrairie_A_01
name: FldObj_WaterFallHyrulePrairie_A_01
profile: MapConstPassive
sortKey: -2
traverseDist: 522.1425170898438
yLimitAlgorithm: NoLimit
