aabbMax:
  X: 13.401700019836426
  Y: 5.682499885559082
  Z: 74.83979797363281
aabbMin:
  X: -13.401700019836426
  Y: -44.15879821777344
  Z: -74.86219787597656
bfres: FldObj_BridgeHyruleStone_A_Far
boundingForTraverse: 49.8412971496582
bugMask: 0
instSize: 162600
mainModel: FldObj_BridgeHyruleStone_A_01_Far
name: FldObj_BridgeHyruleStone_A_01_Far
profile: MapConstPassive
sortKey: 0
tags:
  tag57fd54ce: 1476220110
traverseDist: 3000.0
yLimitAlgorithm: NoLimit
