aabbMax:
  X: 0.12493900209665298
  Y: 0.0625
  Z: 0.12493900209665298
aabbMin:
  X: -0.12493900209665298
  Y: -2.5625
  Z: -0.12493900209665298
bfres: FldObj_Chain_A
boundingForTraverse: 2.625
bugMask: 3
cursorOffsetY: 0.5
generalLife: 1
instSize: 40340
mainModel: FldObj_Chain_A_03
name: FldObj_Chain_A_03
profile: Rope
slink: RopeWire
sortKey: -12
yLimitAlgorithm: NoLimit
