aabbMax:
  X: 130.0
  Y: 54.5099983215332
  Z: 25.285400390625
aabbMin:
  X: 25.0
  Y: -3.4145500659942627
  Z: -40.81159973144531
bfres: FldObj_HugeMaze_A_Far
boundingForTraverse: 57.9245491027832
bugMask: 0
cursorOffsetY: 0.5
instSize: 29912
mainModel: FldObj_HugeMazeParts_B_05_Far
name: FldObj_HugeMazeParts_B_05_Far
profile: MapConstPassive
sortKey: 0
tags:
  tag57fd54ce: 1476220110
yLimitAlgorithm: NoLimit
