aabbMax:
  X: 6.684619903564453
  Y: 2.1635398864746094
  Z: 1.2259600162506104
aabbMin:
  X: -0.09098199754953384
  Y: -0.6402329802513123
  Z: -0.3306789994239807
bfres: FldObj_RuinGuardianSand_A
boundingForTraverse: 2.8037729263305664
bugMask: 0
cursorOffsetY: 0.5
instSize: 17972
mainModel: FldObj_RuinGuardianSandArm_A_01
name: FldObj_RuinGuardianSandArm_A_01
profile: MapConstPassive
sortKey: 0
traverseDist: 215.0
yLimitAlgorithm: NoLimit
