aabbMax:
  X: 9.273200035095215
  Y: 0.09296900033950806
  Z: 2.200390100479126
aabbMin:
  X: -9.091950416564941
  Y: -8.590279579162598
  Z: -13.982000350952148
bfres: FldObj_BridgeZora_A
boundingForTraverse: 8.683249473571777
bugMask: 0
cursorOffsetY: 0.5
instSize: 28056
mainModel: FldObj_BridgeZoraWoodScaffold_A_01
name: FldObj_BridgeZoraWoodScaffold_A_01
profile: MapConstPassive
sortKey: 0
traverseDist: 500.0
yLimitAlgorithm: NoLimit
