aabbMax:
  X: 0.4148620069026947
  Y: 0.04427200183272362
  Z: 0.5209569931030273
aabbMin:
  X: -0.5128260254859924
  Y: -5.003159999847412
  Z: -0.4162620007991791
bfres: FldObj_StageWood_A
boundingForTraverse: 5.047431945800781
bugMask: 0
cursorOffsetY: 0.5
instSize: 60772
mainModel: FldObj_StageWoodBase_A_07
name: FldObj_StageWoodBase_A_07
profile: MapConstPassive
sortKey: 8
yLimitAlgorithm: NoLimit
