aabbMax:
  X: 1.7315800189971924
  Y: 5.037569999694824
  Z: 4.795839786529541
aabbMin:
  X: -1.7986700534820557
  Y: -0.01408000010997057
  Z: -5.496089935302734
bfres: FldObj_Wagon_A
boundingForTraverse: 5.051650047302246
bugMask: 0
cursorOffsetY: 0.5
instSize: 88164
mainModel: FldObj_Wagon_A_01
name: FldObj_Wagon_A_01
profile: MapConstPassive
sortKey: 0
yLimitAlgorithm: NoLimit
