aabbMax:
  X: 0.980767011642456
  Y: 0.8572099804878235
  Z: 1.8507499694824219
aabbMin:
  X: -0.980767011642456
  Y: 0.0
  Z: -1.8507499694824219
bfres: FldObj_KnightDoll_A
boundingForTraverse: 0.8572099804878235
bugMask: 0
cursorOffsetY: 0.5
instSize: 30040
mainModel: FldObj_KnightDollMark_A_06
name: FldObj_KnightDoll_06
profile: MapConstPassive
sortKey: -8
traverseDist: 300.0
yLimitAlgorithm: NoLimit
