aabbMax:
  X: 6.733739852905273
  Y: 2.2615599632263184
  Z: 6.733590126037598
aabbMin:
  X: -6.735770225524902
  Y: -1.9211299419403076
  Z: -6.775010108947754
bfres: FldObj_DesertRuin_A_Far
boundingForTraverse: 4.182690143585205
bugMask: 0
cursorOffsetY: 0.5
instSize: 18548
mainModel: FldObj_DesertRuin_A_08_Far
name: FldObj_DesertRuin_A_08_Far
profile: MapConstPassive
sortKey: 0
tags:
  tag57fd54ce: 1476220110
traverseDist: 1000.0
yLimitAlgorithm: NoLimit
