aabbMax:
  X: 1.650979995727539
  Y: 5.0
  Z: 1.603309988975525
aabbMin:
  X: -1.639549970626831
  Y: 0.0
  Z: -1.5919599533081055
bfres: FldObj_RuinStonePavement_A
boundingForTraverse: 5.0
bugMask: 0
cursorOffsetY: 0.5
instSize: 41500
mainModel: FldObj_RuinStonePillar_A_04
name: FldObj_RuinStonePillar_A_04
profile: MapConstPassive
sortKey: 0
tags:
  tag3c39db92: 1010424722
yLimitAlgorithm: NoLimit
