aabbMax:
  X: 9.17311954498291
  Y: 11.405500411987305
  Z: 5.2534098625183105
aabbMin:
  X: -8.776729583740234
  Y: -4.784550189971924
  Z: -4.272940158843994
bfres: FldObj_BoneGiant_A
boundingForTraverse: 16.19005012512207
bugMask: 0
cursorOffsetY: 0.5
instSize: 28760
isHasFar: true
mainModel: FldObj_BoneGiant_BackBone_A_01
name: FldObj_BoneGiant_BackBone_A_01
profile: MapConstPassive
sortKey: 2
traverseDist: 520.3211059570312
yLimitAlgorithm: NoLimit
