aabbMax:
  X: 14.098799705505371
  Y: 17.447900772094727
  Z: 10.927300453186035
aabbMin:
  X: -9.241270065307617
  Y: 3.44815993309021
  Z: -6.317770004272461
bfres: FldObj_GerudoBase_Far
boundingForTraverse: 13.999740600585938
bugMask: 0
cursorOffsetY: 0.5
instSize: 18548
mainModel: FldObj_GerudoBase_A_04_Far
name: FldObj_GerudoBase_A_04_Far
profile: MapConstPassive
sortKey: 0
tags:
  tag57fd54ce: 1476220110
traverseDist: 1000.0
yLimitAlgorithm: NoLimit
