aabbMax:
  X: 10.874300003051758
  Y: 34.46500015258789
  Z: 11.298299789428711
aabbMin:
  X: -9.745389938354492
  Y: -1.433519959449768
  Z: -1.0618000030517578
bfres: FldObj_RuinStatueKnight_A_Far
boundingForTraverse: 35.898521423339844
bugMask: 0
cursorOffsetY: 0.5
instSize: 16884
mainModel: FldObj_RuinStatueKnightSword_A_02_Far
name: FldObj_RuinStatueKnightSword_A_02_Far
profile: MapConstPassive
sortKey: 0
tags:
  tag57fd54ce: 1476220110
yLimitAlgorithm: NoLimit
