aabbMax:
  X: 1.207129955291748
  Y: 2.244879961013794
  Z: 1.4996299743652344
aabbMin:
  X: -0.5236030220985413
  Y: -0.006219000089913607
  Z: -1.2581100463867188
animalUnitBasePlayRate: 0.949999988079071
attackPower: 5
bfres: Animal_Skl_Horse
boundingForTraverse: 2.251099109649658
bugMask: 3
elink: GameRomHorseBone
generalLife: 100
horseASVariation: Normal
horseGearTopChargeNum: 3
horseNature: 0
horseUnitRiddenAnimalType: 5
instSize: 307740
lookAtOffsetY: 0.10000000149011612
mainModel: Skl_Horse
name: GameRomHorseBone_AllDay
pictureBookLiveSpot1: -1
pictureBookLiveSpot2: -1
pictureBookSpecialDrop: -1
profile: Horse
rigidBodyCenterY: -1.5
slink: HorseBone
sortKey: 104
systemIsGetItemSelf: false
systemSameGroupActorName: GameRomHorseBone
tags:
  tag24cd75fe: 617444862
  tag5aa0d024: 1520488484
  tag64e7dbe6: 1692916710
  tag6b3d3141: 1799172417
  tag8884bed0: !u 0x8884bed0
  tag921c2372: !u 0x921c2372
traverseDist: 200.0
xlink: Horse
yLimitAlgorithm: NoLimit
