aabbMax:
  X: 0.5210850238800049
  Y: 1.0648000240325928
  Z: 0.5210850238800049
aabbMin:
  X: -0.5210850238800049
  Y: -0.03581799939274788
  Z: -0.5210850238800049
attackPower: 30
bfres: Obj_BarrelBomb_A
boundingForTraverse: 1.1006180047988892
bugMask: 3
cursorOffsetY: 0.5
elink: Giant_Bomb_Weapon
instSize: 35588
itemBuyingPrice: -1
itemCreatingPrice: -1
itemSaleRevivalCount: -1
itemSellingPrice: -1
itemStainColor: -1
itemUseIconActorName: ''
name: Giant_Bomb_Weapon
profile: Bullet
rigidBodyCenterY: 0.5
slink: Giant_Bomb_Weapon
sortKey: 0
tags:
  tag51e73965: 1374108005
yLimitAlgorithm: NoLimit
