aabbMax:
  X: 0.054326001554727554
  Y: 0.13391800224781036
  Z: 1.079010009765625
aabbMin:
  X: -0.027852000668644905
  Y: -0.13391800224781036
  Z: -0.08547800034284592
arrowArrowDeletePer: 0
arrowArrowNum: 1
arrowDeleteTime: 30
arrowDeleteTimeWithChemical: 30
arrowEnemyShootNumForDelete: 0
attackPower: 0
bfres: Weapon_Arrow_006
boundingForTraverse: 0.2678360044956207
bugMask: 3
cursorOffsetY: 0.20000000298023224
elink: IceArrow
homeArea:
- name: CentralHyrule
- name: HeburaMountains
- name: GerudoHighlands
instSize: 63184
itemBuyingPrice: 20
itemCreatingPrice: -1
itemSaleRevivalCount: 50
itemSellingPrice: 1
itemStainColor: -1
itemUseIconActorName: ''
mainModel: Weapon_Arrow_006
name: IceArrow
pictureBookLiveSpot1: -1
pictureBookLiveSpot2: -1
pictureBookSpecialDrop: -1
profile: Bullet
slink: IceArrow
sortKey: 14602
tags:
  tag19f6c13a: 435601722
  tag2755f107: 659943687
  tag2cef9fdc: 753901532
  tag336bf311: 862712593
  tag80e484a4: !u 0x80e484a4
  tag9b44906f: !u 0x9b44906f
  tage0194f30: !u 0xe0194f30
xlink: Weapon
yLimitAlgorithm: NoLimit
