aabbMax:
  X: 0.43687400221824646
  Y: 1.7426600456237793
  Z: 0.34849199652671814
aabbMin:
  X: -0.2584010064601898
  Y: -0.0063240001909434795
  Z: -0.4575839936733246
attackPower: 0
bfres: Npc_Shiekah_Artist_Easel
boundingForTraverse: 1.7489839792251587
bugMask: 0
cursorOffsetY: 0.5
generalLife: 100
instSize: 36108
mainModel: Npc_Shiekah_Artist_Easel
name: Npc_Shiekah_Artist_Easel_000
profile: MapDynamicPassive
rigidBodyCenterY: 0.7531880140304565
sortKey: 0
systemIsGetItemSelf: false
systemSameGroupActorName: ''
variationMatAnim: Picture_Pattern
variationMatAnimFrame: 0
yLimitAlgorithm: NoLimit
