aabbMax:
  X: 4.842259883880615
  Y: 10.827899932861328
  Z: 6.083940029144287
aabbMin:
  X: -4.677070140838623
  Y: -0.75
  Z: -4.263710021972656
attackPower: 0
bfres: Obj_TreeDead_A_Snow
boundingForTraverse: 11.577899932861328
bugMask: 1
elink: Obj_TreeDead_A_Snow_01
generalLife: 40
instSize: 108552
locators:
- pos_x: -0.10000000149011612
  pos_y: 1.600000023841858
  pos_z: 0.6000000238418579
  rot_x: 90.0
  rot_y: 0.0
  rot_z: -180.0
  type: Trunk
- pos_x: -0.4000000059604645
  pos_y: 6.199999809265137
  pos_z: 0.5
  rot_x: 0.0
  rot_y: 0.0
  rot_z: 0.0
  type: Branch
lookAtOffsetY: 1.100000023841858
mainModel: Obj_TreeDead_A_Snow_01
name: Obj_TreeDead_A_Snow_01
profile: MapDynamicPassive
rigidBodyCenterY: 4.106669902801514
sortKey: -2
systemIsGetItemSelf: false
systemSameGroupActorName: ''
tags:
  tag02cf8aa1: 47155873
  tag170cf1e2: 386724322
  tag2b533845: 726874181
  tag882953b0: !u 0x882953b0
  tage09808b3: !u 0xe09808b3
traverseDist: 150.0
yLimitAlgorithm: NoLimit
