aabbMax:
  X: 20.744600296020508
  Y: 46.40530014038086
  Z: 19.753299713134766
aabbMin:
  X: -20.0487003326416
  Y: -3.9982099533081055
  Z: -20.006000518798828
bfres: Obj_TreeDragonblood_A
boundingForTraverse: 50.40351104736328
bugMask: 0
cursorOffsetY: 0.5
instSize: 39260
locators:
- pos_x: 0.0
  pos_y: 2.881999969482422
  pos_z: 3.0299999713897705
  rot_x: -267.8999938964844
  rot_y: -16.520000457763672
  rot_z: 179.97999572753906
  type: Trunk
- pos_x: 1.7619999647140503
  pos_y: 1.1519999504089355
  pos_z: -2.7699999809265137
  rot_x: -74.30000305175781
  rot_y: -38.560001373291016
  rot_z: -1.7929999828338623
  type: Trunk
- pos_x: -1.8009999990463257
  pos_y: 1.3329999446868896
  pos_z: -2.7160000801086426
  rot_x: -81.37699890136719
  rot_y: 24.479999542236328
  rot_z: -2.680000066757202
  type: Trunk
mainModel: Obj_TreeDragonblood_A_01
name: Obj_TreeDragonblood_A_01
profile: MapConstPassive
sortKey: 0
tags:
  tag02cf8aa1: 47155873
  tag170cf1e2: 386724322
  tag3c39db92: 1010424722
  tag48409b2e: 1212193582
  taga40dd51c: !u 0xa40dd51c
terrainTextures:
- !u 0xffffff4d
traverseDist: 500.0
yLimitAlgorithm: NoLimit
