aabbMax:
  X: 0.054326001554727554
  Y: 0.04704499989748001
  Z: 0.860929012298584
aabbMin:
  X: -0.027852000668644905
  Y: -0.04705100134015083
  Z: -0.0855880007147789
arrowArrowDeletePer: 0
arrowArrowNum: 1
arrowDeleteTime: 0
arrowDeleteTimeWithChemical: 0
arrowEnemyShootNumForDelete: 0
bfres: Weapon_Arrow_001
boundingForTraverse: 0.09409599751234055
bugMask: 3
cursorOffsetY: 0.20000000298023224
generalLife: 100
instSize: 29284
itemBuyingPrice: 5
itemCreatingPrice: -1
itemSaleRevivalCount: 50
itemSellingPrice: 1
itemStainColor: -1
itemUseIconActorName: ''
mainModel: Weapon_Arrow_001
name: Obj_ArrowNormal_A_01
pictureBookLiveSpot1: -1
pictureBookLiveSpot2: -1
pictureBookSpecialDrop: -1
profile: Item
slink: Obj_Arrow
sortKey: 10
systemIsGetItemSelf: false
systemSameGroupActorName: NormalArrow
tags:
  tag19f6c13a: 435601722
  tag2755f107: 659943687
  tag2cef9fdc: 753901532
  tag80e484a4: !u 0x80e484a4
  tag9b44906f: !u 0x9b44906f
  tagdeb2c8bd: !u 0xdeb2c8bd
  tage0194f30: !u 0xe0194f30
yLimitAlgorithm: NoLimit
