aabbMax:
  X: 4.362919807434082
  Y: 18.257999420166016
  Z: 5.206510066986084
aabbMin:
  X: -5.096340179443359
  Y: -3.175339937210083
  Z: -4.74330997467041
attackPower: 0
bfres: Obj_TreeWhiteBirch_A
boundingForTraverse: 21.433340072631836
bugMask: 1
generalLife: 100
instSize: 85868
locators:
- pos_x: 0.0
  pos_y: 1.7000000476837158
  pos_z: 0.4000000059604645
  rot_x: -90.0
  rot_y: 180.0
  rot_z: 0.0
  type: Trunk
lookAtOffsetY: 1.100000023841858
mainModel: Obj_TreeWhiteBirch_A_02
name: Obj_TreeWhiteBirch_A_02_Stump
profile: MapDynamicPassive
rigidBodyCenterY: 0.05000000074505806
sortKey: 0
systemIsGetItemSelf: false
systemSameGroupActorName: ''
tags:
  tag170cf1e2: 386724322
traverseDist: 150.0
yLimitAlgorithm: NoLimit
