aabbMax:
  X: 2.9320099353790283
  Y: 2.1453299522399902
  Z: 2.83240008354187
aabbMin:
  X: -2.8783600330352783
  Y: -0.15000000596046448
  Z: -2.8022799491882324
bfres: Obj_RockLayerMoss_B
boundingForTraverse: 2.295330047607422
bugMask: 0
cursorOffsetY: 0.5
instSize: 39196
mainModel: Obj_RockLayerMoss_B_S_01
name: Obj_RockLayerMoss_B_S_01
profile: MapConstPassive
sortKey: 0
yLimitAlgorithm: NoLimit
