aabbMax:
  X: 0.131400004029274
  Y: 0.023753000423312187
  Z: 0.07919999957084656
aabbMin:
  X: -0.13199999928474426
  Y: -0.02230300009250641
  Z: -0.07874400168657303
bfres: Item_ConductorDemo
boundingForTraverse: 0.04605700075626373
bugMask: 0
generalLife: 100
instSize: 52904
itemBuyingPrice: -1
itemCreatingPrice: -1
itemSaleRevivalCount: -1
itemSellingPrice: -1
itemStainColor: -1
itemUseIconActorName: ''
mainModel: Item_ConductorDemo
name: Obj_DRStone_Get
profile: PlayerItem
sortKey: 50000
systemIsGetItemSelf: false
systemSameGroupActorName: ''
tags:
  tag2cef9fdc: 753901532
  tag4850af43: 1213247299
  tag7025851a: 1881507098
  tage0194f30: !u 0xe0194f30
yLimitAlgorithm: NoLimit
