aabbMax:
  X: 4.862539768218994
  Y: 17.71489906311035
  Z: 5.811659812927246
aabbMin:
  X: -5.635270118713379
  Y: -3.175339937210083
  Z: -4.032899856567383
attackPower: 0
bfres: Obj_TreeWhiteBirch_A
boundingForTraverse: 20.890239715576172
bugMask: 1
generalLife: 100
instSize: 109676
locators:
- pos_x: 0.0
  pos_y: 1.7000000476837158
  pos_z: 0.4000000059604645
  rot_x: -90.0
  rot_y: 180.0
  rot_z: 0.0
  type: Trunk
lookAtOffsetY: 1.100000023841858
mainModel: Obj_TreeWhiteBirch_A_03
name: Obj_TreeWhiteBirch_A_03_Stump
profile: MapDynamicPassive
rigidBodyCenterY: 0.05000000074505806
sortKey: 0
systemIsGetItemSelf: false
systemSameGroupActorName: ''
tags:
  tag170cf1e2: 386724322
traverseDist: 150.0
yLimitAlgorithm: NoLimit
