aabbMax:
  X: 6.116690158843994
  Y: 1.2239099740982056
  Z: 6.034999847412109
aabbMin:
  X: -6.096449851989746
  Y: -1.4055900573730469
  Z: -8.846879959106445
bfres: FldObj_SunazarashiRace_A_Far
boundingForTraverse: 2.629499912261963
bugMask: 0
cursorOffsetY: 0.5
instSize: 17140
mainModel: FldObj_RacePodiumRock_A_01_Far
name: Obj_PodiumRock_Far
profile: MapConstPassive
sortKey: 0
tags:
  tag57fd54ce: 1476220110
traverseDist: 1000.0
yLimitAlgorithm: NoLimit
