aabbMax:
  X: 4.610420227050781
  Y: 20.510900497436523
  Z: 4.294579982757568
aabbMin:
  X: -4.563889980316162
  Y: -2.070810079574585
  Z: -4.438079833984375
attackPower: 0
bfres: Obj_TreeConiferousSnow_A
boundingForTraverse: 22.581710815429688
bugMask: 1
generalLife: 100
instSize: 109164
lookAtOffsetY: 1.100000023841858
mainModel: Obj_TreeConiferous_A_Snow_02
name: Obj_TreeConiferous_A_Snow_02_Stump
profile: MapDynamicPassive
rigidBodyCenterY: 0.05000000074505806
sortKey: -11
systemIsGetItemSelf: false
systemSameGroupActorName: ''
tags:
  tag170cf1e2: 386724322
traverseDist: 150.0
yLimitAlgorithm: NoLimit
