aabbMax:
  X: 9.619000434875488
  Y: 46.34859848022461
  Z: 9.605030059814453
aabbMin:
  X: -9.905570030212402
  Y: -2.4240000247955322
  Z: -10.122400283813477
attackPower: 0
bfres: Obj_TreeConiferous
boundingForTraverse: 48.77259826660156
bugMask: 1
generalLife: 100
instSize: 109164
locators:
- pos_x: 0.0
  pos_y: 1.7000000476837158
  pos_z: 0.6349999904632568
  rot_x: -90.0
  rot_y: 180.0
  rot_z: 0.0
  type: Trunk
lookAtOffsetY: 1.100000023841858
mainModel: Obj_TreeConiferous_A_04
name: Obj_TreeConiferous_A_04_Stump
profile: MapDynamicPassive
rigidBodyCenterY: 0.05000000074505806
sortKey: 5
systemIsGetItemSelf: false
systemSameGroupActorName: ''
tags:
  tag170cf1e2: 386724322
traverseDist: 150.0
yLimitAlgorithm: NoLimit
