aabbMax:
  X: 2.6299901008605957
  Y: 18.339500427246094
  Z: 2.2455499172210693
aabbMin:
  X: -2.333329916000366
  Y: -1.5391499996185303
  Z: -2.5922300815582275
attackPower: 0
bfres: Obj_TreeConiferousDead_A
boundingForTraverse: 19.878650665283203
bugMask: 1
generalLife: 100
instSize: 87148
locators:
- pos_x: 0.0
  pos_y: 1.2999999523162842
  pos_z: 0.30000001192092896
  rot_x: 90.0
  rot_y: 0.0
  rot_z: -180.0
  type: Trunk
lookAtOffsetY: 1.100000023841858
mainModel: Obj_TreeConiferousDead_A_01
name: Obj_TreeConiferousDead_A_01_Stump
profile: MapDynamicPassive
rigidBodyCenterY: 0.05000000074505806
sortKey: -6
systemIsGetItemSelf: false
systemSameGroupActorName: ''
tags:
  tag170cf1e2: 386724322
  tag882953b0: !u 0x882953b0
traverseDist: 150.0
yLimitAlgorithm: NoLimit
