aabbMax:
  X: 15.937299728393555
  Y: 21.753299713134766
  Z: 15.981599807739258
aabbMin:
  X: -17.890600204467773
  Y: -2.9987499713897705
  Z: -14.864399909973145
bfres: Obj_TreeGiant_A
boundingForTraverse: 24.752050399780273
bugMask: 0
instSize: 51264
locators:
- pos_x: 0.10000000149011612
  pos_y: 3.0
  pos_z: 8.149999618530273
  rot_x: -90.0
  rot_y: 205.0
  rot_z: 0.0
  type: Trunk
- pos_x: -5.079999923706055
  pos_y: 7.849999904632568
  pos_z: -4.670000076293945
  rot_x: -70.0
  rot_y: 30.0
  rot_z: 0.0
  type: Trunk
- pos_x: 6.21999979019165
  pos_y: 14.5
  pos_z: -3.619999885559082
  rot_x: -61.70000076293945
  rot_y: 287.79998779296875
  rot_z: -15.800000190734863
  type: Trunk
- pos_x: -0.800000011920929
  pos_y: 19.780000686645508
  pos_z: 7.25
  rot_x: 0.0
  rot_y: 0.0
  rot_z: 0.0
  type: Branch
- pos_x: -3.299999952316284
  pos_y: 19.850000381469727
  pos_z: -6.599999904632568
  rot_x: 0.0
  rot_y: 180.0
  rot_z: 0.0
  type: Branch
lookAtOffsetY: 1.100000023841858
mainModel: Obj_TreeGiant_A_01
name: Obj_TreeGiant_A_01
profile: MapConstPassive
sortKey: -1
tags:
  tag02cf8aa1: 47155873
  tag170cf1e2: 386724322
  tag48409b2e: 1212193582
  taga40dd51c: !u 0xa40dd51c
traverseDist: 800.0
yLimitAlgorithm: NoLimit
