aabbMax:
  X: 0.3975070118904114
  Y: 0.266525000333786
  Z: 0.3924970030784607
aabbMin:
  X: -0.38704198598861694
  Y: -0.030904000625014305
  Z: -0.39447900652885437
bfres: Obj_Cushion
boundingForTraverse: 0.29742899537086487
bugMask: 0
cursorOffsetY: 0.5
generalLife: 100
instSize: 18376
itemBuyingPrice: 500
itemCreatingPrice: 500
itemSaleRevivalCount: -1
itemSellingPrice: 500
itemStainColor: -1
itemUseIconActorName: ''
mainModel: Obj_Cushion
name: Obj_Cushion
profile: Item
sortKey: 0
systemIsGetItemSelf: false
systemSameGroupActorName: Armor_025_Head
yLimitAlgorithm: NoLimit
