aabbMax:
  X: 10.617300033569336
  Y: 0.5987489819526672
  Z: 3.3273301124572754
aabbMin:
  X: -6.17165994644165
  Y: -7.450960159301758
  Z: -9.230119705200195
bfres: Obj_TreeGashamahi_A
boundingForTraverse: 8.04970932006836
bugMask: 0
cursorOffsetY: 0.5
instSize: 18548
mainModel: Obj_TreeGashamahi_A_07
name: Obj_TreeGashamahi_A_07
profile: MapConstPassive
sortKey: 0
traverseDist: 500.0
yLimitAlgorithm: NoLimit
