aabbMax:
  X: 0.8547019958496094
  Y: 0.8451859951019287
  Z: 0.816120982170105
aabbMin:
  X: -1.461940050125122
  Y: 0.003280000062659383
  Z: -0.9462239742279053
bfres: FldObj_Hebura
boundingForTraverse: 0.8419060111045837
bugMask: 0
cursorOffsetY: 0.5
instSize: 17844
mainModel: Obj_MarkForFindingBird
name: Obj_MarkForFindingBird
profile: MapConstPassive
sortKey: 2
yLimitAlgorithm: NoLimit
