aabbMax:
  X: 5.933969974517822
  Y: 17.127700805664062
  Z: 11.706199645996094
aabbMin:
  X: -6.334469795227051
  Y: -1.1790000200271606
  Z: -1.6175299882888794
attackPower: 0
bfres: Obj_TreePalmCoconut_A
boundingForTraverse: 18.30670166015625
bugMask: 1
generalLife: 100
instSize: 83564
lookAtOffsetY: 1.100000023841858
mainModel: Obj_TreePalmCoconut_A_02
name: Obj_TreePalmBeach_A_02_Stump
profile: MapDynamicPassive
rigidBodyCenterY: -0.6921449899673462
sortKey: 0
systemIsGetItemSelf: false
systemSameGroupActorName: ''
tags:
  tag170cf1e2: 386724322
traverseDist: 800.0
yLimitAlgorithm: NoLimit
