aabbMax:
  X: 3.6712899208068848
  Y: 2.0819900035858154
  Z: 9.921070098876953
aabbMin:
  X: -1.6577600240707397
  Y: -20.452199935913086
  Z: -5.766679763793945
bfres: Obj_TreeGashamahi_A
boundingForTraverse: 22.534189224243164
bugMask: 0
cursorOffsetY: 0.5
instSize: 18548
mainModel: Obj_TreeGashamahi_A_05
name: Obj_TreeGashamahi_A_05
profile: MapConstPassive
sortKey: 0
traverseDist: 500.0
yLimitAlgorithm: NoLimit
