aabbMax:
  X: 4.295740127563477
  Y: 16.920000076293945
  Z: 3.570280075073242
aabbMin:
  X: -3.8603498935699463
  Y: -2.068660020828247
  Z: -3.758970022201538
attackPower: 0
bfres: Obj_TreeConiferous
boundingForTraverse: 18.98866081237793
bugMask: 1
generalLife: 100
instSize: 97644
locators:
- pos_x: 0.0
  pos_y: 1.7000000476837158
  pos_z: 0.27000001072883606
  rot_x: -90.0
  rot_y: 180.0
  rot_z: 0.0
  type: Trunk
lookAtOffsetY: 1.100000023841858
mainModel: Obj_TreeConiferous_A_01
name: Obj_TreeConiferous_A_01_Stump
profile: MapDynamicPassive
rigidBodyCenterY: 0.05000000074505806
sortKey: -6
systemIsGetItemSelf: false
systemSameGroupActorName: ''
tags:
  tag170cf1e2: 386724322
traverseDist: 150.0
yLimitAlgorithm: NoLimit
