aabbMax:
  X: 8.045809745788574
  Y: 19.63330078125
  Z: 5.833710193634033
aabbMin:
  X: -9.454719543457031
  Y: -3.3943300247192383
  Z: -12.502599716186523
attackPower: 0
bfres: Obj_TreeGhost_A
boundingForTraverse: 23.027629852294922
bugMask: 1
cursorOffsetY: 0.5
elink: Obj_TreeGhost_A
generalLife: 100
instSize: 91732
locators:
- pos_x: -0.2160000056028366
  pos_y: 4.171000003814697
  pos_z: -1.8020000457763672
  rot_x: -96.41000366210938
  rot_y: 30.0
  rot_z: 11.619999885559082
  type: Trunk
- pos_x: -2.5
  pos_y: 12.800000190734863
  pos_z: -2.5999999046325684
  rot_x: 0.0
  rot_y: 0.0
  rot_z: 0.0
  type: OnTree
mainModel: Obj_TreeGhost_A_02
name: Obj_TreeGhost_A_02
profile: MapDynamicPassive
sortKey: -5
systemIsGetItemSelf: false
systemSameGroupActorName: ''
tags:
  tag02cf8aa1: 47155873
  tag170cf1e2: 386724322
  tag48409b2e: 1212193582
  tag882953b0: !u 0x882953b0
traverseDist: 800.0
yLimitAlgorithm: NoLimit
