aabbMax:
  X: 6.399270057678223
  Y: 27.236299514770508
  Z: 6.021480083465576
aabbMin:
  X: -5.631810188293457
  Y: -2.4240000247955322
  Z: -6.399209976196289
attackPower: 0
bfres: Obj_TreeConiferousSnow_A
boundingForTraverse: 29.66029930114746
bugMask: 1
generalLife: 100
instSize: 109164
lookAtOffsetY: 1.100000023841858
mainModel: Obj_TreeConiferous_A_Snow_03
name: Obj_TreeConiferous_A_Snow_03_Stump
profile: MapDynamicPassive
rigidBodyCenterY: 0.05000000074505806
sortKey: -4
systemIsGetItemSelf: false
systemSameGroupActorName: ''
tags:
  tag170cf1e2: 386724322
traverseDist: 150.0
yLimitAlgorithm: NoLimit
