aabbMax:
  X: 5.6864800453186035
  Y: 15.647700309753418
  Z: 5.211309909820557
aabbMin:
  X: -5.507880210876465
  Y: -0.9996640086174011
  Z: -5.114699840545654
attackPower: 0
bfres: Obj_TreePalm_A
boundingForTraverse: 16.647363662719727
bugMask: 1
generalLife: 100
instSize: 83564
locators:
- pos_x: -0.3059999942779541
  pos_y: 1.503000020980835
  pos_z: 0.32499998807907104
  rot_x: -88.5999984741211
  rot_y: 135.1999969482422
  rot_z: -0.4690000116825104
  type: Trunk
lookAtOffsetY: 1.100000023841858
mainModel: Obj_TreePalm_A_02
name: Obj_TreePalm_A_02_Stump
profile: MapDynamicPassive
rigidBodyCenterY: 0.05000000074505806
sortKey: 0
systemIsGetItemSelf: false
systemSameGroupActorName: ''
tags:
  tag170cf1e2: 386724322
traverseDist: 150.0
yLimitAlgorithm: NoLimit
