aabbMax:
  X: 6.956600189208984
  Y: 6.216750144958496
  Z: 46.06449890136719
aabbMin:
  X: -6.370090007781982
  Y: -4.572669982910156
  Z: -1.6003999710083008
bfres: Obj_TreeGashamahi_A
boundingForTraverse: 10.789420127868652
bugMask: 0
cursorOffsetY: 0.5
instSize: 18548
mainModel: Obj_TreeGashamahi_A_03
name: Obj_TreeGashamahi_A_03
profile: MapConstPassive
sortKey: 0
traverseDist: 500.0
yLimitAlgorithm: NoLimit
