aabbMax:
  X: 3.3341898918151855
  Y: 10.599100112915039
  Z: 1.810960054397583
aabbMin:
  X: -2.955899953842163
  Y: -1.5921000242233276
  Z: -2.1651198863983154
attackPower: 0
bfres: Obj_TreeGhost_A
boundingForTraverse: 12.191200256347656
bugMask: 1
elink: Obj_TreeGhost_A
generalLife: 40
instSize: 114440
locators:
- pos_x: 0.0
  pos_y: 2.799999952316284
  pos_z: -0.5
  rot_x: -90.0
  rot_y: 0.0
  rot_z: 0.0
  type: Trunk
- pos_x: 0.20000000298023224
  pos_y: 1.2699999809265137
  pos_z: 0.6589999794960022
  rot_x: 94.0
  rot_y: 0.0
  rot_z: -180.0
  type: Trunk
lookAtOffsetY: 1.100000023841858
mainModel: Obj_TreeGhost_A_03
name: Obj_TreeGhost_A_03
profile: MapDynamicPassive
rigidBodyCenterY: 3.911180019378662
sortKey: 0
systemIsGetItemSelf: false
systemSameGroupActorName: ''
tags:
  tag02cf8aa1: 47155873
  tag170cf1e2: 386724322
  tag2b533845: 726874181
  tag882953b0: !u 0x882953b0
  tage09808b3: !u 0xe09808b3
traverseDist: 150.0
yLimitAlgorithm: NoLimit
