aabbMax:
  X: 83.62259674072266
  Y: 29.861000061035156
  Z: 92.18060302734375
aabbMin:
  X: -79.67900085449219
  Y: -12.238699913024902
  Z: -48.5443000793457
bfres: Obj_RockDeathMt_Crab
boundingForTraverse: 42.099700927734375
bugMask: 0
cursorOffsetY: 0.5
instSize: 28760
isHasFar: true
mainModel: Obj_RockSetDeathMt_Crab
name: Obj_RockSetDeathMt_Crab
profile: MapConstPassive
sortKey: 14
traverseDist: 715.5711669921875
yLimitAlgorithm: NoLimit
