aabbMax:
  X: 3.375339984893799
  Y: 9.05321979522705
  Z: 4.9671502113342285
aabbMin:
  X: -3.9019699096679688
  Y: -1.2498799562454224
  Z: -3.7870800495147705
attackPower: 0
bfres: Obj_TreeApple_A
boundingForTraverse: 10.303099632263184
bugMask: 1
generalLife: 100
instSize: 85868
lookAtOffsetY: 1.100000023841858
mainModel: Obj_TreeApple_A_M_01
name: Obj_TreeApple_A_M_01_Stump
profile: MapDynamicPassive
rigidBodyCenterY: 0.550000011920929
sortKey: 0
systemIsGetItemSelf: false
systemSameGroupActorName: ''
tags:
  tag170cf1e2: 386724322
traverseDist: 150.0
yLimitAlgorithm: NoLimit
