aabbMax:
  X: 3.941659927368164
  Y: 16.743200302124023
  Z: 3.859369993209839
aabbMin:
  X: -3.7881200313568115
  Y: -2.518280029296875
  Z: -3.964709997177124
attackPower: 0
bfres: Obj_TreeConiferousSnow_A
boundingForTraverse: 19.2614803314209
bugMask: 1
generalLife: 100
instSize: 109164
locators:
- pos_x: 0.0
  pos_y: 1.7000000476837158
  pos_z: 0.27000001072883606
  rot_x: -90.0
  rot_y: 180.0
  rot_z: 0.0
  type: Trunk
lookAtOffsetY: 1.100000023841858
mainModel: Obj_TreeConiferous_A_Snow_01
name: Obj_TreeConiferous_A_Snow_01_Stump
profile: MapDynamicPassive
rigidBodyCenterY: 0.05000000074505806
sortKey: -15
systemIsGetItemSelf: false
systemSameGroupActorName: ''
tags:
  tag170cf1e2: 386724322
traverseDist: 150.0
yLimitAlgorithm: NoLimit
