aabbMax:
  X: 2.6299901008605957
  Y: 13.44849967956543
  Z: 2.2455499172210693
aabbMin:
  X: -2.333329916000366
  Y: -1.5391499996185303
  Z: -2.934809923171997
attackPower: 0
bfres: Obj_TreeConiferousDead_A
boundingForTraverse: 14.987649917602539
bugMask: 1
generalLife: 100
instSize: 97900
locators:
- pos_x: 0.0
  pos_y: 1.2000000476837158
  pos_z: 0.30000001192092896
  rot_x: 90.0
  rot_y: 0.0
  rot_z: -180.0
  type: Trunk
lookAtOffsetY: 1.100000023841858
mainModel: Obj_TreeConiferousDead_A_02
name: Obj_TreeConiferousDead_A_02_Stump
profile: MapDynamicPassive
rigidBodyCenterY: 0.05000000074505806
sortKey: -1
systemIsGetItemSelf: false
systemSameGroupActorName: ''
tags:
  tag170cf1e2: 386724322
  tag882953b0: !u 0x882953b0
traverseDist: 150.0
yLimitAlgorithm: NoLimit
