aabbMax:
  X: 2.6299901008605957
  Y: 13.44849967956543
  Z: 2.2455499172210693
aabbMin:
  X: -2.333329916000366
  Y: -1.5391499996185303
  Z: -2.934809923171997
attackPower: 0
bfres: Obj_TreeConiferousDead_A
boundingForTraverse: 14.987649917602539
bugMask: 1
elink: Obj_TreeConiferousDead_A_02
generalLife: 40
instSize: 122120
locators:
- pos_x: 0.0
  pos_y: 1.2000000476837158
  pos_z: 0.30000001192092896
  rot_x: 90.0
  rot_y: 0.0
  rot_z: -180.0
  type: Trunk
lookAtOffsetY: 1.100000023841858
mainModel: Obj_TreeConiferousDead_A_02
name: Obj_TreeConiferousDead_A_02
profile: MapDynamicPassive
rigidBodyCenterY: 4.6540398597717285
sortKey: -5
systemIsGetItemSelf: false
systemSameGroupActorName: ''
tags:
  tag02cf8aa1: 47155873
  tag170cf1e2: 386724322
  tag2b533845: 726874181
  tag882953b0: !u 0x882953b0
  tage09808b3: !u 0xe09808b3
traverseDist: 500.0
yLimitAlgorithm: NoLimit
