aabbMax:
  X: 0.16329999268054962
  Y: 0.11471500247716904
  Z: 0.4425410032272339
aabbMin:
  X: -0.17969399690628052
  Y: -0.14675100147724152
  Z: -0.609112024307251
arrowArrowDeletePer: 0
arrowArrowNum: 20
arrowDeleteTime: 0
arrowDeleteTimeWithChemical: 0
arrowEnemyShootNumForDelete: 0
bfres: Item_ArrowBomb_A
boundingForTraverse: 0.26146599650382996
bugMask: 3
cursorOffsetY: 0.20000000298023224
generalLife: 100
instSize: 29028
itemBuyingPrice: 600
itemCreatingPrice: -1
itemSaleRevivalCount: 50
itemSellingPrice: -1
itemStainColor: -1
itemUseIconActorName: ''
mainModel: Item_ArrowBomb_A
name: Obj_BombArrow_A_04
pictureBookLiveSpot1: -1
pictureBookLiveSpot2: -1
pictureBookSpecialDrop: -1
profile: Item
slink: Obj_Arrow
sortKey: 53
systemIsGetItemSelf: true
systemSameGroupActorName: BombArrow_A
tags:
  tag19f6c13a: 435601722
  tag2755f107: 659943687
  tag2cef9fdc: 753901532
  tag80e484a4: !u 0x80e484a4
  tag9b44906f: !u 0x9b44906f
  tagd1e9663c: !u 0xd1e9663c
  tagdeb2c8bd: !u 0xdeb2c8bd
  tage0194f30: !u 0xe0194f30
yLimitAlgorithm: NoLimit
