aabbMax:
  X: 6.349400043487549
  Y: 8.213919639587402
  Z: 5.70334005355835
aabbMin:
  X: -6.206049919128418
  Y: -0.6967999935150146
  Z: -5.508540153503418
attackPower: 0
bfres: Obj_TreeWillow_A
boundingForTraverse: 8.910719871520996
bugMask: 1
elink: Obj_TreeWillow_A_01
generalLife: 40
instSize: 100616
locators:
- pos_x: 0.05000000074505806
  pos_y: 1.100000023841858
  pos_z: 0.5
  rot_x: 90.0
  rot_y: 0.0
  rot_z: -180.0
  type: Trunk
lookAtOffsetY: 1.100000023841858
mainModel: Obj_TreeWillow_A_01
name: Obj_TreeWillow_A_01
profile: MapDynamicPassive
rigidBodyCenterY: 2.4515700340270996
sortKey: 0
systemIsGetItemSelf: false
systemSameGroupActorName: ''
tags:
  tag02cf8aa1: 47155873
  tag170cf1e2: 386724322
  tag2b533845: 726874181
  tage09808b3: !u 0xe09808b3
traverseDist: 150.0
yLimitAlgorithm: NoLimit
