aabbMax:
  X: 3.0277299880981445
  Y: 0.8003919720649719
  Z: 6.506879806518555
aabbMin:
  X: -8.15038013458252
  Y: -3.3009700775146484
  Z: -0.7035930156707764
bfres: Obj_TreeGashamahi_A
boundingForTraverse: 4.101362228393555
bugMask: 0
cursorOffsetY: 0.5
instSize: 18548
mainModel: Obj_TreeGashamahi_A_08
name: Obj_TreeGashamahi_A_08
profile: MapConstPassive
sortKey: 0
traverseDist: 200.0
yLimitAlgorithm: NoLimit
