aabbMax:
  X: 0.1249770000576973
  Y: 0.35434800386428833
  Z: 0.23294800519943237
aabbMin:
  X: -0.10593099892139435
  Y: 0.18306699395179749
  Z: -0.19026200473308563
bfres: Item_Armor_Head_027
boundingForTraverse: 0.17128099501132965
bugMask: 1
cursorOffsetY: 0.30000001192092896
generalLife: 100
instSize: 24176
itemBuyingPrice: 400
itemCreatingPrice: 400
itemSaleRevivalCount: -1
itemSellingPrice: 400
itemStainColor: -1
itemUseIconActorName: ''
lookAtOffsetY: 0.20000000298023224
mainModel: Item_Armor_Head_027
name: Obj_Head_027
normal0ItemName01: Item_Ore_D
normal0ItemNum01: 5
normal0StuffNum: 1
profile: Item
sortKey: 21360
systemIsGetItemSelf: false
systemSameGroupActorName: Armor_027_Head
tags:
  tage0194f30: !u 0xe0194f30
yLimitAlgorithm: NoLimit
