aabbMax:
  X: 0.27669399976730347
  Y: 0.3282789885997772
  Z: 0.2772189974784851
aabbMin:
  X: -0.27669399976730347
  Y: 0.1359180063009262
  Z: -0.3123970031738281
bfres: Item_Armor_Head_024
boundingForTraverse: 0.1923609972000122
bugMask: 1
cursorOffsetY: 0.30000001192092896
generalLife: 100
instSize: 35156
itemBuyingPrice: 800
itemCreatingPrice: 800
itemSaleRevivalCount: -1
itemSellingPrice: 800
itemStainColor: -1
itemUseIconActorName: ''
lookAtOffsetY: 0.20000000298023224
mainModel: Item_Armor_Head_024
name: Obj_Head_024
normal0ItemName01: Item_Ore_A
normal0ItemNum01: 3
normal0StuffNum: 1
profile: Item
sortKey: 21330
systemIsGetItemSelf: false
systemSameGroupActorName: Armor_024_Head
tags:
  tage0194f30: !u 0xe0194f30
yLimitAlgorithm: NoLimit
