aabbMax:
  X: 2.6299901008605957
  Y: 10.21560001373291
  Z: 2.8227500915527344
aabbMin:
  X: -2.333329916000366
  Y: -1.5391499996185303
  Z: -2.5800399780273438
attackPower: 0
bfres: Obj_TreeBurned_B
boundingForTraverse: 11.75475025177002
bugMask: 1
generalLife: 100
instSize: 62060
locators:
- pos_x: 0.0
  pos_y: 1.2000000476837158
  pos_z: 0.30000001192092896
  rot_x: 90.0
  rot_y: 0.0
  rot_z: -180.0
  type: Trunk
lookAtOffsetY: 1.100000023841858
mainModel: Obj_TreeBurned_B_02
name: Obj_TreeBurned_B_02_Stump
profile: MapDynamicPassive
rigidBodyCenterY: 0.05000000074505806
sortKey: 4
systemIsGetItemSelf: false
systemSameGroupActorName: ''
tags:
  tag170cf1e2: 386724322
  tag882953b0: !u 0x882953b0
traverseDist: 150.0
yLimitAlgorithm: NoLimit
