aabbMax:
  X: 2.6299901008605957
  Y: 18.392099380493164
  Z: 2.2455499172210693
aabbMin:
  X: -2.333329916000366
  Y: -1.5391499996185303
  Z: -2.5922300815582275
attackPower: 0
bfres: Obj_TreeConiferousDead_A
boundingForTraverse: 19.931249618530273
bugMask: 1
elink: Obj_TreeConiferousDead_A_Snow_01
generalLife: 40
instSize: 122120
locators:
- pos_x: 0.0
  pos_y: 1.399999976158142
  pos_z: 0.30000001192092896
  rot_x: 90.0
  rot_y: 0.0
  rot_z: 180.0
  type: Trunk
lookAtOffsetY: 1.100000023841858
mainModel: Obj_TreeConiferousDead_A_Snow_01
name: Obj_TreeConiferousDead_A_Snow_01
profile: MapDynamicPassive
rigidBodyCenterY: 6.478270053863525
sortKey: 3
systemIsGetItemSelf: false
systemSameGroupActorName: ''
tags:
  tag02cf8aa1: 47155873
  tag170cf1e2: 386724322
  tag2b533845: 726874181
  tag882953b0: !u 0x882953b0
  tage024e81f: !u 0xe024e81f
  tage09808b3: !u 0xe09808b3
traverseDist: 150.0
yLimitAlgorithm: NoLimit
