aabbMax:
  X: 4.842259883880615
  Y: 10.902899742126465
  Z: 6.083940029144287
aabbMin:
  X: -4.713719844818115
  Y: -0.75
  Z: -4.263710021972656
attackPower: 0
bfres: Obj_TreeDeadLeaf_A
boundingForTraverse: 11.652899742126465
bugMask: 1
elink: Obj_TreeDeadLeaf_A_01
generalLife: 40
instSize: 108552
locators:
- pos_x: 0.45399999618530273
  pos_y: 1.7380000352859497
  pos_z: 0.15000000596046448
  rot_x: 95.4000015258789
  rot_y: -78.0
  rot_z: -174.10000610351562
  type: Trunk
- pos_x: -0.16699999570846558
  pos_y: 6.190000057220459
  pos_z: 1.0
  rot_x: 0.0
  rot_y: 86.0
  rot_z: 0.0
  type: Branch
lookAtOffsetY: 1.100000023841858
mainModel: Obj_TreeDeadLeaf_A_01
name: Obj_TreeDeadLeaf_A_01
profile: MapDynamicPassive
rigidBodyCenterY: 4.106669902801514
sortKey: 0
systemIsGetItemSelf: false
systemSameGroupActorName: ''
tags:
  tag02cf8aa1: 47155873
  tag170cf1e2: 386724322
  tag2b533845: 726874181
  tag882953b0: !u 0x882953b0
  tage09808b3: !u 0xe09808b3
traverseDist: 150.0
yLimitAlgorithm: NoLimit
