aabbMax:
  X: 0.08035700023174286
  Y: 0.06300800293684006
  Z: 1.03643000125885
aabbMin:
  X: -0.027852000668644905
  Y: -0.14864499866962433
  Z: -0.08534500002861023
arrowArrowDeletePer: 0
arrowArrowNum: 1
arrowDeleteTime: 0
arrowDeleteTimeWithChemical: 0
arrowEnemyShootNumForDelete: 0
bfres: Item_ArrowAncient
boundingForTraverse: 0.2116529941558838
bugMask: 3
cursorOffsetY: 0.20000000298023224
generalLife: 100
instSize: 41996
itemBuyingPrice: 100
itemCreatingPrice: 90
itemSaleRevivalCount: -1
itemSellingPrice: -1
itemStainColor: -1
itemUseIconActorName: ''
mainModel: Item_ArrowAncient
name: Obj_AncientArrow_A_01
normal0ItemName01: Item_Enemy_27
normal0ItemName02: Item_Enemy_29
normal0ItemName03: NormalArrow
normal0ItemNum01: 2
normal0ItemNum02: 1
normal0ItemNum03: 1
normal0StuffNum: 3
pictureBookLiveSpot1: -1
pictureBookLiveSpot2: -1
pictureBookSpecialDrop: -1
profile: Item
slink: Obj_Arrow
sortKey: 60
systemIsGetItemSelf: false
systemSameGroupActorName: AncientArrow
tags:
  tag19f6c13a: 435601722
  tag2755f107: 659943687
  tag2cef9fdc: 753901532
  tag80e484a4: !u 0x80e484a4
  tag9b44906f: !u 0x9b44906f
  tagd1e9663c: !u 0xd1e9663c
  tagdeb2c8bd: !u 0xdeb2c8bd
  tage0194f30: !u 0xe0194f30
yLimitAlgorithm: NoLimit
