aabbMax:
  X: 8.90818977355957
  Y: 16.051000595092773
  Z: 24.531600952148438
aabbMin:
  X: -9.560879707336426
  Y: -2.391050100326538
  Z: -25.880800247192383
bfres: Obj_TreeGiant_A
boundingForTraverse: 18.44205093383789
bugMask: 0
instSize: 51200
mainModel: Obj_TreeGiantHollow_A_02
name: Obj_TreeGiantHollow_A_02
profile: MapConstPassive
sortKey: 0
tags:
  tag02cf8aa1: 47155873
  tag170cf1e2: 386724322
  tag48409b2e: 1212193582
  taga40dd51c: !u 0xa40dd51c
traverseDist: 800.0
yLimitAlgorithm: NoLimit
