aabbMax:
  X: 0.16356399655342102
  Y: 0.11471299827098846
  Z: 0.5597890019416809
aabbMin:
  X: -0.17964699864387512
  Y: -0.14677800238132477
  Z: -0.6091219782829285
arrowArrowDeletePer: 0
arrowArrowNum: 10
arrowDeleteTime: 0
arrowDeleteTimeWithChemical: 0
arrowEnemyShootNumForDelete: 0
bfres: Item_ArrowElectric_A
boundingForTraverse: 0.26149100065231323
bugMask: 3
cursorOffsetY: 0.20000000298023224
generalLife: 100
instSize: 40584
itemBuyingPrice: 140
itemCreatingPrice: 10
itemSaleRevivalCount: 50
itemSellingPrice: -1
itemStainColor: -1
itemUseIconActorName: ''
mainModel: Item_ArrowElectric_A
name: Obj_ElectricArrow_A_02
normal0ItemName01: NormalArrow
normal0ItemName02: Item_Ore_D
normal0ItemNum01: 10
normal0ItemNum02: 1
normal0StuffNum: 2
pictureBookLiveSpot1: -1
pictureBookLiveSpot2: -1
pictureBookSpecialDrop: -1
profile: Item
slink: Obj_Arrow
sortKey: 42
systemIsGetItemSelf: true
systemSameGroupActorName: ElectricArrow
tags:
  tag19f6c13a: 435601722
  tag2755f107: 659943687
  tag2cef9fdc: 753901532
  tag80e484a4: !u 0x80e484a4
  tag9b44906f: !u 0x9b44906f
  tagd1e9663c: !u 0xd1e9663c
  tagdeb2c8bd: !u 0xdeb2c8bd
  tage0194f30: !u 0xe0194f30
yLimitAlgorithm: NoLimit
