aabbMax:
  X: 5.208179950714111
  Y: 10.428899765014648
  Z: 4.601729869842529
aabbMin:
  X: -6.199610233306885
  Y: -1.7056599855422974
  Z: -4.645229816436768
attackPower: 0
bfres: Obj_TreePine_A
boundingForTraverse: 12.134559631347656
bugMask: 1
drops:
  Normal:
  - Weapon_Lsword_056
  - Weapon_Sword_044
  - Item_Fruit_K
elink: Obj_TreePine_A_01
generalLife: 40
instSize: 117332
locators:
- pos_x: 0.07999999821186066
  pos_y: 1.5
  pos_z: 0.6000000238418579
  rot_x: 90.0
  rot_y: 0.0
  rot_z: -180.0
  type: Trunk
- pos_x: -0.4000000059604645
  pos_y: 5.75
  pos_z: -0.30000001192092896
  rot_x: 0.0
  rot_y: 0.0
  rot_z: 0.0
  type: Branch
lookAtOffsetY: 1.100000023841858
mainModel: Obj_TreePine_A_01
name: Obj_TreePine_A_01
profile: MapDynamicPassive
rigidBodyCenterY: 2.727799892425537
sortKey: 0
systemIsGetItemSelf: false
systemSameGroupActorName: ''
tags:
  tag02cf8aa1: 47155873
  tag170cf1e2: 386724322
  tag2b533845: 726874181
  tage09808b3: !u 0xe09808b3
traverseDist: 150.0
yLimitAlgorithm: NoLimit
