aabbMax:
  X: 4.362919807434082
  Y: 18.257999420166016
  Z: 5.206510066986084
aabbMin:
  X: -5.096340179443359
  Y: -3.175339937210083
  Z: -4.74330997467041
attackPower: 0
bfres: Obj_TreeWhiteBirch_A
boundingForTraverse: 21.433340072631836
bugMask: 1
elink: Obj_TreeWhiteBirch_A_02
generalLife: 40
instSize: 101128
locators:
- pos_x: 0.0
  pos_y: 1.7000000476837158
  pos_z: 0.4000000059604645
  rot_x: -90.0
  rot_y: 180.0
  rot_z: 0.0
  type: Trunk
lookAtOffsetY: 1.100000023841858
mainModel: Obj_TreeWhiteBirch_A_02
name: Obj_TreeWhiteBirch_A_02
profile: MapDynamicPassive
rigidBodyCenterY: 7.80443000793457
sortKey: 0
systemIsGetItemSelf: false
systemSameGroupActorName: ''
tags:
  tag02cf8aa1: 47155873
  tag170cf1e2: 386724322
  tag2b533845: 726874181
  taga40dd51c: !u 0xa40dd51c
  tage09808b3: !u 0xe09808b3
traverseDist: 150.0
yLimitAlgorithm: NoLimit
