aabbMax:
  X: 1.0048799514770508
  Y: 0.7143549919128418
  Z: 0.5522459745407104
aabbMin:
  X: -1.0048799514770508
  Y: -0.03207400068640709
  Z: -0.6528319716453552
bfres: Item_Parastole2
boundingForTraverse: 0.7464290261268616
bugMask: 1
elink: PlayerStole2
generalLife: 100
instSize: 28744
itemBuyingPrice: -1
itemCreatingPrice: -1
itemSaleRevivalCount: -1
itemSellingPrice: -1
itemStainColor: -1
itemUseIconActorName: ''
mainModel: Item_Parastole2
name: PlayerStole2
profile: PlayerItem
sortKey: 50043
systemIsGetItemSelf: false
systemSameGroupActorName: ''
tags:
  tag2cef9fdc: 753901532
  tag4850af43: 1213247299
  tag7025851a: 1881507098
  tag76970ea4: 1989611172
  tage0194f30: !u 0xe0194f30
yLimitAlgorithm: NoLimit
