aabbMax:
  X: 0.773838996887207
  Y: 2.6167500019073486
  Z: 1.2674000263214111
aabbMin:
  X: -0.6841080188751221
  Y: -0.002334000077098608
  Z: -0.5896700024604797
attackPower: 0
bfres: Priest_Boss_Normal
boundingForTraverse: 2.619083881378174
bugMask: 3
cursorOffsetY: 0.5
elink: Priest_Boss_Normal
generalLife: 100
instSize: 265772
mainModel: Priest_Boss_Normal
name: Priest_Boss_ShadowClone_Bullet
profile: MapDynamicActive
rigidBodyCenterY: 0.5
slink: Priest_Boss_ShadowClone_Bullet
sortKey: 0
systemIsGetItemSelf: false
systemSameGroupActorName: ''
tags:
  tag4806038d: 1208353677
  tag49b834f7: 1236808951
  tag7027cedd: 1881657053
traverseDist: 99999.0
yLimitAlgorithm: NoLimit
