aabbMax:
  X: 0.054326001554727554
  Y: 0.10040999948978424
  Z: 1.0615099668502808
aabbMin:
  X: -0.027852000668644905
  Y: -0.10040999948978424
  Z: -0.08547800034284592
arrowArrowDeletePer: 0
arrowArrowNum: 1
arrowDeleteTime: 30
arrowDeleteTimeWithChemical: 30
arrowEnemyShootNumForDelete: 0
attackPower: 0
bfres: Weapon_Arrow_004
boundingForTraverse: 0.20081999897956848
bugMask: 3
cursorOffsetY: 0.20000000298023224
elink: ElectricArrow
instSize: 63216
itemBuyingPrice: 20
itemCreatingPrice: -1
itemSaleRevivalCount: 50
itemSellingPrice: 1
itemStainColor: -1
itemUseIconActorName: ''
mainModel: Weapon_Arrow_004
name: Priest_Boss_ElectricArrow
profile: Bullet
slink: Priest_Boss_ElectricArrow
sortKey: -9
tags:
  tag19f6c13a: 435601722
  tag2cef9fdc: 753901532
  tag336bf311: 862712593
  tag49b834f7: 1236808951
  tag80e484a4: !u 0x80e484a4
  tag9b44906f: !u 0x9b44906f
xlink: Weapon
yLimitAlgorithm: NoLimit
