aabbMax:
  X: 0.6201390027999878
  Y: 1.453029990196228
  Z: 0.43768200278282166
aabbMin:
  X: -0.6201390027999878
  Y: -0.002240000059828162
  Z: -0.4905279874801636
attackPower: 0
bfres: DgnObj_GyroTiltTerminal_A
boundingForTraverse: 1.4552700519561768
bugMask: 1
generalLife: 100
instSize: 44188
lookAtOffsetY: 0.4000000059604645
mainModel: DgnObj_GyroTiltTerminal_01
name: SwitchGyroTilt
profile: MapConstActive
rigidBodyCenterY: 0.601610004901886
sortKey: -2
systemIsGetItemSelf: false
systemSameGroupActorName: ''
yLimitAlgorithm: NoLimit
