aabbMax:
  X: 0.6625980138778687
  Y: 1.0839799642562866
  Z: 0.5297849774360657
aabbMin:
  X: -0.6625980138778687
  Y: -0.012160999700427055
  Z: -0.5483400225639343
attackPower: 0
bfres: Obj_TBox_Dungeon_Stone
boundingForTraverse: 1.09614098072052
bugMask: 3
elink: TBox_Dungeon
generalLife: 100
instSize: 45708
lookAtOffsetY: 0.20000000298023224
mainModel: TBox_Dungeon_Stone
name: TBox_Dungeon_Stone
pictureBookLiveSpot1: 20
pictureBookLiveSpot2: -1
pictureBookSpecialDrop: 25
profile: MapDynamicActive
rigidBodyCenterY: 0.10000000149011612
slink: TBox_Dungeon_Stone
sortKey: 70011
systemIsGetItemSelf: false
systemSameGroupActorName: TBox_Field_Iron
tags:
  tag0fee9a49: 267295305
  tag21ebb4ab: 569095339
  tag28a3a540: 681813312
  tag4186e30f: 1099358991
  tag9dc91bb3: !u 0x9dc91bb3
  tagbb8d80c2: !u 0xbb8d80c2
traverseDist: 1000.0
yLimitAlgorithm: NoLimit
