aabbMax:
  X: 0.19591300189495087
  Y: 0.08067099750041962
  Z: 0.19259899854660034
aabbMin:
  X: -0.19591300189495087
  Y: -0.6500009894371033
  Z: -0.18632400035858154
bfres: TwnObj_Village_Hateno_A
boundingForTraverse: 0.7306720018386841
bugMask: 0
cursorOffsetY: 0.5
instSize: 28184
mainModel: TwnObj_Village_HatenoLamp_A_05
name: TwnObj_Village_HatenoLamp_A_05
profile: MapConstPassive
sortKey: 5
tags:
  tag0d23ee8c: 220458636
traverseDist: 150.0
yLimitAlgorithm: NoLimit
