aabbMax:
  X: 1.290220022201538
  Y: 7.49852991104126
  Z: 5.1162800788879395
aabbMin:
  X: -0.38568800687789917
  Y: -1.414639949798584
  Z: -4.581600189208984
bfres: TwnObj_Village_Sheiker_A
boundingForTraverse: 8.913169860839844
bugMask: 0
cursorOffsetY: 0.5
instSize: 49088
mainModel: TwnObj_Village_SheikerBirdClapper_A_03
name: TwnObj_Village_SheikerBirdClapper_A_03
profile: MapConstPassive
sortKey: 4
yLimitAlgorithm: NoLimit
