aabbMax:
  X: 0.15219800174236298
  Y: 0.9704110026359558
  Z: 0.15219800174236298
aabbMin:
  X: -0.15219800174236298
  Y: -0.012206999585032463
  Z: -0.15219800174236298
bfres: TwnObj_Village_Zora_A
boundingForTraverse: 0.982617974281311
bugMask: 0
cursorOffsetY: 0.5
instSize: 19956
mainModel: TwnObj_Village_ZoraPillar_B_06
name: TwnObj_Village_ZoraPillar_B_06
profile: MapConstPassive
sortKey: 5690
tags:
  tag0d23ee8c: 220458636
yLimitAlgorithm: NoLimit
