aabbMax:
  X: 8.90548038482666
  Y: 20.442399978637695
  Z: 11.328100204467773
aabbMin:
  X: -13.224599838256836
  Y: -0.36845600605010986
  Z: -10.651599884033203
bfres: TwnObj_Village_Hateno_A_Far
boundingForTraverse: 20.810855865478516
bugMask: 0
cursorOffsetY: 0.5
instSize: 184436
mainModel: TwnObj_Village_HatenoTailor_A_01_Far
name: TwnObj_Village_HatenoTailor_A_01_Far
profile: MapConstPassive
sortKey: 0
tags:
  tag57fd54ce: 1476220110
traverseDist: 2000.0
yLimitAlgorithm: NoLimit
