aabbMax:
  X: 5.8937602043151855
  Y: 8.001609802246094
  Z: 7.3238701820373535
aabbMin:
  X: -5.8937602043151855
  Y: -24.05459976196289
  Z: -7.489039897918701
bfres: TwnObj_Village_Rito_A_Far
boundingForTraverse: 32.056209564208984
bugMask: 0
instSize: 102292
mainModel: TwnObj_Village_RitoHouse_A_05_Far
name: TwnObj_Village_RitoHouse_A_05_Far
profile: MapConstPassive
sortKey: 0
tags:
  tag57fd54ce: 1476220110
traverseDist: 3000.0
yLimitAlgorithm: NoLimit
