aabbMax:
  X: 8.20071029663086
  Y: 25.23069953918457
  Z: 9.239480018615723
aabbMin:
  X: -8.204389572143555
  Y: -0.5593069791793823
  Z: -7.153890132904053
bfres: TwnObj_Village_Fishing_A_Far
boundingForTraverse: 25.790006637573242
bugMask: 0
instSize: 17140
mainModel: TwnObj_Village_FishingHouse_S_A_01_Far
name: TwnObj_Village_FishingHouse_S_A_01_Far
profile: MapConstPassive
sortKey: 0
tags:
  tag57fd54ce: 1476220110
traverseDist: 1000.0
yLimitAlgorithm: NoLimit
