aabbMax:
  X: 5.886119842529297
  Y: 3.692620038986206
  Z: 13.776800155639648
aabbMin:
  X: -5.704649925231934
  Y: -3.053030014038086
  Z: -13.379400253295898
bfres: TwnObj_City_Gerudo_A
boundingForTraverse: 6.745649814605713
bugMask: 0
cursorOffsetY: 0.5
instSize: 91504
mainModel: TwnObj_City_GerudoInnInside_A_01
name: TwnObj_City_GerudoInnInside_A_01
profile: MapConstPassive
sortKey: 26
yLimitAlgorithm: NoLimit
