aabbMax:
  X: 120.56999969482422
  Y: 66.95349884033203
  Z: 213.02000427246094
aabbMin:
  X: -120.41400146484375
  Y: -67.61190032958984
  Z: -109.35399627685547
bfres: TwnObj_HyruleCastleGround_A_Far
boundingForTraverse: 134.56539916992188
bugMask: 0
cursorOffsetY: 0.5
instSize: 18068
mainModel: TwnObj_HyruleCastleGround_Culling_A_06_Far
name: TwnObj_HyruleCastleGround_Culling_A_06_Far
profile: MapConstPassive
sortKey: 0
tags:
  tag03528579: 55739769
  tag572de768: 1462626152
  tag57fd54ce: 1476220110
  tag84f40ec6: !u 0x84f40ec6
  taga1c9da5d: !u 0xa1c9da5d
traverseDist: 5000.0
yLimitAlgorithm: NoLimit
