aabbMax:
  X: 2.2535998821258545
  Y: 2.9826500415802
  Z: 5.864739894866943
aabbMin:
  X: -2.2535998821258545
  Y: -0.38435500860214233
  Z: -5.1926398277282715
bfres: TwnObj_Village_Fishing_A
boundingForTraverse: 3.3670051097869873
bugMask: 0
cursorOffsetY: 0.5
instSize: 28440
mainModel: TwnObj_Village_Fishing_Boat_A
name: TwnObj_Village_Fishing_Boat_A
profile: MapConstPassive
sortKey: 0
traverseDist: 300.0
yLimitAlgorithm: NoLimit
