aabbMax:
  X: 6.681940078735352
  Y: 16.18120002746582
  Z: 10.706700325012207
aabbMin:
  X: -6.642189979553223
  Y: -0.21241599321365356
  Z: -8.477179527282715
bfres: TwnObj_Village_Sheiker_A
boundingForTraverse: 16.39361572265625
bugMask: 0
instSize: 272212
mainModel: TwnObj_Village_SheikerHouse_A_01
name: TwnObj_Village_SheikerHouse_A_01
profile: MapConstPassive
sortKey: -6
traverseDist: 300.0
yLimitAlgorithm: NoLimit
