aabbMax:
  X: 2.2271900177001953
  Y: 2.2025198936462402
  Z: 3.818350076675415
aabbMin:
  X: -2.2271900177001953
  Y: -0.5
  Z: -0.29616299271583557
bfres: TwnObj_Village_Zora_A
boundingForTraverse: 2.7025198936462402
bugMask: 0
cursorOffsetY: 0.5
instSize: 30744
mainModel: TwnObj_Village_ZoraLadderSill_A_01
name: TwnObj_Village_ZoraLadderSill_A_01
profile: MapConstPassive
sortKey: 7
yLimitAlgorithm: NoLimit
