aabbMax:
  X: 0.40483900904655457
  Y: 1.9972200393676758
  Z: 0.5786730051040649
aabbMin:
  X: -0.3997800052165985
  Y: 1.2776299715042114
  Z: -0.4257430136203766
bfres: TwnObj_Village_SheikerFurniture_A
boundingForTraverse: 0.7195900082588196
bugMask: 0
cursorOffsetY: 0.5
instSize: 17588
mainModel: TwnObj_Village_SheikerGoddesStatuebib_A_01
name: TwnObj_Village_SheikerGoddesStatuebib_A_01
profile: MapConstPassive
sortKey: -5
yLimitAlgorithm: NoLimit
