aabbMax:
  X: 1.0002100467681885
  Y: 3.355950117111206
  Z: 1.0002100467681885
aabbMin:
  X: -1.0002100467681885
  Y: -0.6124690175056458
  Z: -1.0002100467681885
attackPower: 0
bfres: TwnObj_AncientReactor_A
boundingForTraverse: 3.968419075012207
bugMask: 3
cursorOffsetY: 0.5
elink: TwnObj_AncientCandlePoleRoof_A_01
generalLife: 100
instSize: 34888
mainModel: TwnObj_AncientCandlePoleRoof_A_01
name: TwnObj_AncientCandlePoleRoofOff_A_01
profile: MapDynamicPassive
rigidBodyCenterY: 1.7874000072479248
slink: CandleGround
sortKey: -4
systemIsGetItemSelf: false
systemSameGroupActorName: ''
tags:
  tag1f5e3abd: 526269117
  tag28a3a540: 681813312
  tag6308f367: 1661530983
traverseDist: 500.0
yLimitAlgorithm: NoLimit
