aabbMax:
  X: 0.4996129870414734
  Y: 0.8170329928398132
  Z: 0.36927101016044617
aabbMin:
  X: -0.4722760021686554
  Y: -0.02752700075507164
  Z: -0.5530210137367249
bfres: TwnObj_City_GoronFurniture_A
boundingForTraverse: 0.8445600271224976
bugMask: 0
cursorOffsetY: 0.5
instSize: 58468
mainModel: TwnObj_City_GoronChair_A_02
name: TwnObj_City_GoronChair_A_02
profile: MapConstPassive
sortKey: 0
yLimitAlgorithm: NoLimit
