aabbMax:
  X: 4.536819934844971
  Y: 4.703100204467773
  Z: 2.706429958343506
aabbMin:
  X: -4.7284698486328125
  Y: -0.2354460060596466
  Z: -2.418800115585327
bfres: TwnObj_Village_Hateno_A
boundingForTraverse: 4.938546180725098
bugMask: 0
cursorOffsetY: 0.5
instSize: 100820
isHasFar: true
mainModel: TwnObj_Village_HatenoChickenShed_A_01
name: TwnObj_Village_HatenoChickenShed_A_01
profile: MapConstPassive
sortKey: -17
traverseDist: 510.58837890625
yLimitAlgorithm: NoLimit
