aabbMax:
  X: 1.518720030784607
  Y: 1.5506800413131714
  Z: 3.539060115814209
aabbMin:
  X: -3.2737600803375244
  Y: -0.6214020252227783
  Z: -2.761820077896118
bfres: TwnObj_HyruleCityWoodRuin_B
boundingForTraverse: 2.17208194732666
bugMask: 0
cursorOffsetY: 0.5
instSize: 61668
mainModel: TwnObj_HyruleCityWoodRuinCart_A_01
name: TwnObj_HyruleCityWoodRuinCart_A_01
profile: MapConstPassive
sortKey: 0
yLimitAlgorithm: NoLimit
