aabbMax:
  X: 3.915410041809082
  Y: 3.124229907989502
  Z: 3.161259889602661
aabbMin:
  X: -51.34769821166992
  Y: -10.457200050354004
  Z: -3.1742498874664307
bfres: TwnObj_Village_Rito_A_Far
boundingForTraverse: 13.581430435180664
bugMask: 0
instSize: 17140
mainModel: TwnObj_Village_RitoBridge_A_01_Far
name: TwnObj_Village_RitoBridge_A_01_Far
profile: MapConstPassive
sortKey: 0
tags:
  tag57fd54ce: 1476220110
traverseDist: 1000.0
yLimitAlgorithm: NoLimit
