aabbMax:
  X: 1.2353800535202026
  Y: 0.27499398589134216
  Z: 0.15852199494838715
aabbMin:
  X: -0.8422899842262268
  Y: -2.5754799842834473
  Z: -1.666890025138855
bfres: TwnObj_TempleOfTime_B
boundingForTraverse: 2.8504741191864014
bugMask: 0
cursorOffsetY: 0.5
instSize: 17268
mainModel: TwnObj_TempleOfTime_WallPlant_B_01
name: TwnObj_TempleOfTime_WallPlant_B_01
profile: MapConstPassive
sortKey: 0
yLimitAlgorithm: NoLimit
