aabbMax:
  X: 0.19179099798202515
  Y: 0.9973800182342529
  Z: 0.1566540002822876
aabbMin:
  X: -0.20657199621200562
  Y: 0.0
  Z: -0.15884500741958618
bfres: TwnObj_Village_Hateno_A
boundingForTraverse: 0.9973800182342529
bugMask: 0
cursorOffsetY: 0.5
instSize: 48832
mainModel: TwnObj_Village_HatenoLamp_A_07
name: TwnObj_Village_HatenoLamp_A_07
profile: MapConstPassive
sortKey: 8
yLimitAlgorithm: NoLimit
