aabbMax:
  X: 2.367039918899536
  Y: 0.004401999991387129
  Z: 2.763079881668091
aabbMin:
  X: -2.068959951400757
  Y: 0.0014019999653100967
  Z: -3.580389976501465
bfres: TwnObj_City_Gerudo_A_Far
boundingForTraverse: 0.003000000026077032
bugMask: 0
cursorOffsetY: 0.5
instSize: 39004
mainModel: TwnObj_City_GerudoLag_A_01_Far
name: TwnObj_City_GerudoLag_A_01_Far
profile: MapConstPassive
sortKey: 0
tags:
  tag57fd54ce: 1476220110
traverseDist: 2000.0
yLimitAlgorithm: NoLimit
