aabbMax:
  X: 0.3555940091609955
  Y: 0.5607820153236389
  Z: 0.3282780051231384
aabbMin:
  X: -0.33914899826049805
  Y: -0.0008379999781027436
  Z: -0.32190901041030884
bfres: TwnObj_Village_Fishing_A
boundingForTraverse: 0.5616199970245361
bugMask: 0
cursorOffsetY: 0.5
instSize: 17140
mainModel: TwnObj_Village_FishingChair_A_01
name: TwnObj_Village_FishingChair_A_01
profile: MapConstPassive
sortKey: -3
yLimitAlgorithm: NoLimit
