aabbMax:
  X: 70.32730102539062
  Y: 38.91469955444336
  Z: 41.30929946899414
aabbMin:
  X: -71.3488998413086
  Y: -44.832298278808594
  Z: -35.532798767089844
bfres: TwnObj_City_Gerudo_A_Far
boundingForTraverse: 83.74699401855469
bugMask: 0
instSize: 17140
mainModel: TwnObj_City_GerudoMayerHouse_A_01_Far
name: TwnObj_City_GerudoMayerHouse_A_01_Far
profile: MapConstPassive
sortKey: 0
tags:
  tag57fd54ce: 1476220110
traverseDist: 4000.0
yLimitAlgorithm: NoLimit
