aabbMax:
  X: 12.990699768066406
  Y: 21.524499893188477
  Z: 9.147419929504395
aabbMin:
  X: -13.355500221252441
  Y: -1.7823200225830078
  Z: -10.112299919128418
bfres: TwnObj_HyruleCastleWall_A_Far
boundingForTraverse: 23.306819915771484
bugMask: 0
cursorOffsetY: 0.5
instSize: 17140
mainModel: TwnObj_HyruleCastleWallWatchTower_B_01_Far
name: TwnObj_HyruleCastleWallWatchTower_B_01_Far
profile: MapConstPassive
sortKey: 0
tags:
  tag03528579: 55739769
  tag57fd54ce: 1476220110
  taga1c9da5d: !u 0xa1c9da5d
traverseDist: 3000.0
yLimitAlgorithm: NoLimit
