aabbMax:
  X: 1.290809988975525
  Y: 0.5306519865989685
  Z: 2.4686999320983887
aabbMin:
  X: -1.290809988975525
  Y: -6.0983500480651855
  Z: -0.1468369960784912
bfres: TwnObj_Village_Fishing_A
boundingForTraverse: 6.629002094268799
bugMask: 0
cursorOffsetY: 0.5
instSize: 27608
mainModel: TwnObj_Village_FishingStair_A_02
name: TwnObj_Village_FishingStair_A_02
profile: MapConstPassive
sortKey: 4
yLimitAlgorithm: NoLimit
