aabbMax:
  X: 5.8937602043151855
  Y: 13.371899604797363
  Z: 7.320980072021484
aabbMin:
  X: -5.9177398681640625
  Y: -24.033700942993164
  Z: -7.479300022125244
bfres: TwnObj_Village_Rito_A_Far
boundingForTraverse: 37.405601501464844
bugMask: 0
instSize: 112568
mainModel: TwnObj_Village_RitoMayorHouse_A_01_Far
name: TwnObj_Village_RitoMayorHouse_A_01_Far
profile: MapConstPassive
sortKey: 0
tags:
  tag57fd54ce: 1476220110
traverseDist: 3000.0
yLimitAlgorithm: NoLimit
