aabbMax:
  X: 0.8681139945983887
  Y: 0.27063098549842834
  Z: 0.4600690007209778
aabbMin:
  X: -1.0453599691390991
  Y: -1.6719199419021606
  Z: -0.20051099359989166
bfres: TwnObj_City_GoronFurniture_A
boundingForTraverse: 1.9425510168075562
bugMask: 0
cursorOffsetY: 0.5
instSize: 38940
mainModel: TwnObj_City_GoronToyDarts_A_01
name: TwnObj_City_GoronToyDarts_A_01
profile: MapConstPassive
sortKey: 0
yLimitAlgorithm: NoLimit
