aabbMax:
  X: 2.8309099674224854
  Y: 0.5359020233154297
  Z: 0.9793819785118103
aabbMin:
  X: -2.3895599842071533
  Y: -0.5546630024909973
  Z: -0.9793819785118103
bfres: TwnObj_DesertIceRoom_A
boundingForTraverse: 1.0905649662017822
bugMask: 0
cursorOffsetY: 0.5
instSize: 60772
mainModel: TwnObj_DesertIceRoomBed_A_01
name: TwnObj_DesertIceRoomBed_A_01
profile: MapConstPassive
sortKey: 0
yLimitAlgorithm: NoLimit
