aabbMax:
  X: 0.2531279921531677
  Y: 2.450000047683716
  Z: 0.11050499975681305
aabbMin:
  X: -1.246880054473877
  Y: -2.5
  Z: -0.10199499875307083
attackPower: 0
bfres: TwnObj_Village_Sheiker_A
boundingForTraverse: 4.949999809265137
bugMask: 1
cursorOffsetY: 1.0
generalLife: 1
instSize: 45808
lookAtOffsetY: 1.5
mainModel: TwnObj_Village_SheikerPharmacySign_A_01
name: TwnObj_Village_SheikerPharmacySign_A_01
profile: MapDynamicPassive
rigidBodyCenterY: 0.9974390268325806
sortKey: 0
systemIsGetItemSelf: false
systemSameGroupActorName: ''
tags:
  tag2a2d0822: 707594274
  tagef748738: !u 0xef748738
traverseDist: 50.0
yLimitAlgorithm: NoLimit
