aabbMax:
  X: 46.5625
  Y: 13.82390022277832
  Z: 19.724899291992188
aabbMin:
  X: -0.15928299725055695
  Y: -10.660400390625
  Z: -3.7280900478363037
bfres: TwnObj_HyruleCastleWall_A_Far
boundingForTraverse: 24.48430061340332
bugMask: 0
cursorOffsetY: 0.5
instSize: 17140
mainModel: TwnObj_HyruleCastleWallConnect_G_03_Far
name: TwnObj_HyruleCastleWallConnect_G_03_Far
profile: MapConstPassive
sortKey: 0
tags:
  tag03528579: 55739769
  tag57fd54ce: 1476220110
  taga1c9da5d: !u 0xa1c9da5d
traverseDist: 3000.0
yLimitAlgorithm: NoLimit
