aabbMax:
  X: 4.043280124664307
  Y: 3.010770082473755
  Z: 0.699999988079071
aabbMin:
  X: -4.150000095367432
  Y: -0.5
  Z: -0.699999988079071
bfres: TwnObj_HyruleCityStoneRuin_A
boundingForTraverse: 3.510770082473755
bugMask: 0
cursorOffsetY: 0.5
instSize: 73928
mainModel: TwnObj_HyruleCityStoneRuinStraightWall_A_02
name: TwnObj_HyruleCityStoneRuinStraightWall_A_02
profile: MapConstPassive
sortKey: -2
yLimitAlgorithm: NoLimit
