aabbMax:
  X: 2.025320053100586
  Y: 2.6784698963165283
  Z: 0.41835400462150574
aabbMin:
  X: -2.0216100215911865
  Y: 0.0
  Z: -0.41835400462150574
bfres: TwnObj_Village_Sheiker_A
boundingForTraverse: 2.6784698963165283
bugMask: 0
cursorOffsetY: 0.5
instSize: 27352
mainModel: TwnObj_Village_SheikerZeldaTradition
name: TwnObj_Village_SheikerZeldaTradition
profile: MapConstPassive
sortKey: 0
yLimitAlgorithm: NoLimit
