aabbMax:
  X: 131.96600341796875
  Y: 15.293100357055664
  Z: 55.2504997253418
aabbMin:
  X: -30.678699493408203
  Y: -12.043600082397461
  Z: -56.93870162963867
bfres: TwnObj_City_Gerudo_A
boundingForTraverse: 27.336700439453125
bugMask: 0
cursorOffsetY: 0.5
instSize: 18548
isHasFar: true
mainModel: TwnObj_City_GerudoOutsideRock_A_01
name: TwnObj_City_GerudoOutsideRock_A_01
profile: MapConstPassive
sortKey: -2
traverseDist: 697.584716796875
yLimitAlgorithm: NoLimit
