aabbMax:
  X: 0.1441580057144165
  Y: 1.673949956893921
  Z: 0.1446090042591095
aabbMin:
  X: -0.13752000033855438
  Y: -0.3968690037727356
  Z: -0.14166399836540222
bfres: TwnObj_Village_Fishing_A
boundingForTraverse: 2.0708189010620117
bugMask: 0
cursorOffsetY: 0.5
instSize: 17140
mainModel: TwnObj_Village_FishingPole_A_01
name: TwnObj_Village_FishingPole_A_01
profile: MapConstPassive
sortKey: -3
yLimitAlgorithm: NoLimit
