aabbMax:
  X: 1.0706499814987183
  Y: 1.5092099905014038
  Z: 1.9976799488067627
aabbMin:
  X: -1.0091700553894043
  Y: -0.3499999940395355
  Z: -1.562190055847168
bfres: TwnObj_City_GoronFurniture_A
boundingForTraverse: 1.8592100143432617
bugMask: 0
cursorOffsetY: 0.5
instSize: 48256
mainModel: TwnObj_City_GoronBed_B_01
name: TwnObj_City_GoronBed_B_01
profile: MapConstPassive
sortKey: 3
yLimitAlgorithm: NoLimit
