aabbMax:
  X: 0.19179099798202515
  Y: 0.9973800182342529
  Z: 0.1566540002822876
aabbMin:
  X: -0.20657199621200562
  Y: 0.0
  Z: -0.15884500741958618
bfres: TwnObj_Village_IchikaraFurniture_A
boundingForTraverse: 0.9973800182342529
bugMask: 0
cursorOffsetY: 0.5
instSize: 48832
mainModel: TwnObj_Village_IchikaraLamp_A_05
name: TwnObj_Village_IchikaraLamp_A_05
profile: MapConstPassive
sortKey: -9
tags:
  tag0d23ee8c: 220458636
yLimitAlgorithm: NoLimit
