aabbMax:
  X: 93.3053970336914
  Y: 64.47229766845703
  Z: 51.114601135253906
aabbMin:
  X: -93.44879913330078
  Y: -65.08760070800781
  Z: -51.15290069580078
bfres: TwnObj_HyruleCastleGround_A_Far
boundingForTraverse: 129.55990600585938
bugMask: 0
cursorOffsetY: 0.5
instSize: 17812
mainModel: TwnObj_HyruleCastleGround_Culling_A_16_Far
name: TwnObj_HyruleCastleGround_Culling_A_16_Far
profile: MapConstPassive
sortKey: 0
tags:
  tag03528579: 55739769
  tag572de768: 1462626152
  tag57fd54ce: 1476220110
  tag84f40ec6: !u 0x84f40ec6
  taga1c9da5d: !u 0xa1c9da5d
traverseDist: 5000.0
yLimitAlgorithm: NoLimit
