aabbMax:
  X: 9.31272029876709
  Y: 1.348580002784729
  Z: 2.8737399578094482
aabbMin:
  X: -9.05720043182373
  Y: -3.078739881515503
  Z: -3.0066399574279785
bfres: TwnObj_City_Goron_A
boundingForTraverse: 4.4273200035095215
bugMask: 0
cursorOffsetY: 0.5
instSize: 50816
mainModel: TwnObj_City_GoronBridge_A_03
name: TwnObj_City_GoronBridge_A_03
profile: MapConstPassive
sortKey: 5
traverseDist: 300.0
yLimitAlgorithm: NoLimit
