aabbMax:
  X: 0.22518199682235718
  Y: 1.0362299680709839
  Z: 0.2627139985561371
aabbMin:
  X: -0.22415299713611603
  Y: 0.0
  Z: -0.20029400289058685
bfres: TwnObj_Village_RitoFurniture_A
boundingForTraverse: 1.0362299680709839
bugMask: 0
cursorOffsetY: 0.5
instSize: 17972
mainModel: TwnObj_Village_RitoLight_A_04
name: TwnObj_Village_RitoLight_A_04
profile: MapConstPassive
sortKey: -3
tags:
  tag0d23ee8c: 220458636
yLimitAlgorithm: NoLimit
