aabbMax:
  X: 0.30089300870895386
  Y: 0.4000000059604645
  Z: 0.2875339984893799
aabbMin:
  X: -0.30089300870895386
  Y: 0.0
  Z: -0.29405200481414795
bfres: TwnObj_Village_Zora_A
boundingForTraverse: 0.4000000059604645
bugMask: 0
cursorOffsetY: 0.5
instSize: 17716
mainModel: TwnObj_Village_ZoraChair_A_01
name: TwnObj_Village_ZoraChair_A_01
profile: MapConstPassive
sortKey: 0
yLimitAlgorithm: NoLimit
