aabbMax:
  X: 2.2791199684143066
  Y: 1.5666999816894531
  Z: 13.741299629211426
aabbMin:
  X: -2.1734299659729004
  Y: -3.134510040283203
  Z: -2.8578898906707764
bfres: TwnObj_Village_Fishing_A
boundingForTraverse: 4.701210021972656
bugMask: 0
cursorOffsetY: 0.5
instSize: 38044
isHasFar: true
mainModel: TwnObj_Village_FishingBridge_A_01
name: TwnObj_Village_FishingBridge_A_01
profile: MapConstPassive
sortKey: -2
traverseDist: 517.1859741210938
yLimitAlgorithm: NoLimit
