aabbMax:
  X: 1.3586900234222412
  Y: 2.7070300579071045
  Z: 0.1540530025959015
aabbMin:
  X: -1.3590600490570068
  Y: -0.006862999871373177
  Z: -0.1540530025959015
attackPower: 0
bfres: TwnObj_Village_Hatenodoor_A
boundingForTraverse: 2.713892936706543
bugMask: 3
cursorOffsetY: 0.5
generalLife: 100
instSize: 42020
mainModel: TwnObj_Village_HatenoHotelDoor_A_01
name: TwnObj_Village_HatenoHotelDoor_A_01
profile: MapDynamicActive
rigidBodyCenterY: 1.3495700359344482
slink: TwnObj_AncientCivilLaboDoor_B_01
sortKey: 0
systemIsGetItemSelf: false
systemSameGroupActorName: ''
tags:
  tag2ad7fb13: 718797587
  tag2aef50f2: 720326898
traverseDist: 200.0
yLimitAlgorithm: NoLimit
