aabbMax:
  X: 30.072799682617188
  Y: 15.125100135803223
  Z: 33.42890167236328
aabbMin:
  X: -21.928600311279297
  Y: 0.9075210094451904
  Z: -33.394100189208984
bfres: TwnObj_TempleOfTime_A
boundingForTraverse: 14.217578887939453
bugMask: 0
cursorOffsetY: 0.5
instSize: 41660
isHasFar: true
mainModel: TwnObj_TempleOfTime_Base_A_04
name: TwnObj_TempleOfTime_Base_A_04
profile: MapConstPassive
sortKey: -7
traverseDist: 584.6726684570312
yLimitAlgorithm: NoLimit
