aabbMax:
  X: 1.5216699838638306
  Y: 0.03659600019454956
  Z: 4.655640125274658
aabbMin:
  X: -1.571079969406128
  Y: -0.9653840065002441
  Z: -4.694169998168945
bfres: TwnObj_City_GerudoFurniture_A
boundingForTraverse: 1.0019810199737549
bugMask: 0
cursorOffsetY: 0.5
instSize: 28056
mainModel: TwnObj_City_GerudoBarCurtain_A_01
name: TwnObj_City_GerudoBarCurtain_A_01
profile: MapConstPassive
sortKey: 2
yLimitAlgorithm: NoLimit
