aabbMax:
  X: 1.2926299571990967
  Y: 1.868299961090088
  Z: 1.0956900119781494
aabbMin:
  X: -1.3530800342559814
  Y: -0.19355599582195282
  Z: -1.0638799667358398
bfres: TwnObj_Village_Hateno_A
boundingForTraverse: 2.0618560314178467
bugMask: 0
cursorOffsetY: 0.5
instSize: 38812
mainModel: TwnObj_Village_HatenoStraw_A_01
name: TwnObj_Village_HatenoStraw_A_01
profile: MapConstPassive
sortKey: -11
yLimitAlgorithm: NoLimit
