aabbMax:
  X: 0.7945899963378906
  Y: 2.1593000888824463
  Z: 0.14584100246429443
aabbMin:
  X: -0.8207600116729736
  Y: -0.3435080051422119
  Z: -0.15060299634933472
attackPower: 0
bfres: TwnObj_Village_Hateno_A
boundingForTraverse: 2.502808094024658
bugMask: 1
cursorOffsetY: 0.699999988079071
generalLife: 1
instSize: 55796
lookAtOffsetY: 0.5
mainModel: TwnObj_Village_HatenoSignboard_A_01
name: TwnObj_Village_HatenoSignboard_A_01
profile: MapDynamicPassive
rigidBodyCenterY: 1.1542799472808838
sortKey: -13
systemIsGetItemSelf: false
systemSameGroupActorName: ''
tags:
  tag2a2d0822: 707594274
  tagef748738: !u 0xef748738
traverseDist: 50.0
yLimitAlgorithm: NoLimit
