aabbMax:
  X: 8.646010398864746
  Y: 6.290740013122559
  Z: 5.915480136871338
aabbMin:
  X: -8.499739646911621
  Y: -0.5439460277557373
  Z: -6.383299827575684
bfres: TwnObj_Village_Hateno_A_Far
boundingForTraverse: 6.834685802459717
bugMask: 0
instSize: 16884
mainModel: TwnObj_Village_HatenoAnimalShed_A_01_Far
name: TwnObj_Village_HatenoAnimalShed_A_01_Far
profile: MapConstPassive
sortKey: 0
tags:
  tag57fd54ce: 1476220110
traverseDist: 2000.0
yLimitAlgorithm: NoLimit
