aabbMax:
  X: 1.0671000480651855
  Y: 1.2289899587631226
  Z: 1.6323399543762207
aabbMin:
  X: -1.0336899757385254
  Y: 0.0
  Z: -1.565119981765747
attackPower: 0
bfres: TwnObj_Village_HatenoFurniture_A
boundingForTraverse: 1.2289899587631226
bugMask: 1
cursorOffsetY: 0.5
generalLife: 100
instSize: 25192
mainModel: TwnObj_Village_HatenoBed_A_02
name: TwnObj_Village_SakuradaBed_A_01
profile: MapDynamicPassive
rigidBodyCenterY: 0.4686169922351837
sortKey: -10
systemIsGetItemSelf: false
systemSameGroupActorName: ''
tags:
  tag28a3a540: 681813312
yLimitAlgorithm: NoLimit
