aabbMax:
  X: 0.6079540252685547
  Y: 0.7066370248794556
  Z: 0.26824501156806946
aabbMin:
  X: -0.5422090291976929
  Y: -0.014310000464320183
  Z: -0.2745879888534546
bfres: TwnObj_Village_RitoFurniture_A
boundingForTraverse: 0.7209470272064209
bugMask: 0
cursorOffsetY: 0.5
instSize: 27608
mainModel: TwnObj_Village_RitoDish_A_01
name: TwnObj_Village_RitoDish_A_01
profile: MapConstPassive
sortKey: 5
yLimitAlgorithm: NoLimit
