aabbMax:
  X: 23.936500549316406
  Y: 6.938389778137207
  Z: 17.536699295043945
aabbMin:
  X: -19.963600158691406
  Y: -3.662060022354126
  Z: -19.90019989013672
bfres: TwnObj_Village_Ichikara_A_Far
boundingForTraverse: 10.600449562072754
bugMask: 2
cursorOffsetY: 0.5
instSize: 18960
mainModel: TwnObj_Village_IchikaraSpring_A_01_Far
name: TwnObj_Village_IchikaraSpring_A_01_Far
profile: MapConstPassive
slink: TwnObj_Village_IchikaraSpring_A_01
sortKey: 0
tags:
  tag572de768: 1462626152
  tag57fd54ce: 1476220110
traverseDist: 1000.0
yLimitAlgorithm: NoLimit
