aabbMax:
  X: 78.04620361328125
  Y: 39.327701568603516
  Z: 63.04359817504883
aabbMin:
  X: -78.10910034179688
  Y: -39.26070022583008
  Z: -63.25170135498047
bfres: TwnObj_HyruleCastleGround_A_Far
boundingForTraverse: 78.5884017944336
bugMask: 0
cursorOffsetY: 0.5
instSize: 18036
mainModel: TwnObj_HyruleCastleGround_Culling_A_12_Far
name: TwnObj_HyruleCastleGround_Culling_A_12_Far
profile: MapConstPassive
sortKey: 0
tags:
  tag03528579: 55739769
  tag572de768: 1462626152
  tag57fd54ce: 1476220110
  tag84f40ec6: !u 0x84f40ec6
  taga1c9da5d: !u 0xa1c9da5d
traverseDist: 5000.0
yLimitAlgorithm: NoLimit
