aabbMax:
  X: 6.692689895629883
  Y: 73.3447036743164
  Z: 6.645890235900879
aabbMin:
  X: -7.612229824066162
  Y: 24.25349998474121
  Z: -6.5919599533081055
bfres: TwnObj_Village_Zora_A_Far
boundingForTraverse: 49.09120178222656
bugMask: 0
cursorOffsetY: 0.5
instSize: 45236
mainModel: TwnObj_Village_ZoraPillar_A_01_Far
name: TwnObj_Village_ZoraPillar_A_01_Far
profile: MapConstPassive
sortKey: 0
tags:
  tag57fd54ce: 1476220110
traverseDist: 1000.0
yLimitAlgorithm: NoLimit
