aabbMax:
  X: 0.41182801127433777
  Y: 3.1322100162506104
  Z: 0.40768399834632874
aabbMin:
  X: -0.40338099002838135
  Y: -0.005776999983936548
  Z: -0.39819100499153137
attackPower: 0
bfres: TwnObj_Village_Ichikara_A
boundingForTraverse: 3.137986898422241
bugMask: 0
cursorOffsetY: 0.5
generalLife: 100
instSize: 54044
mainModel: TwnObj_Village_IchikaraSighboard_A_04
name: TwnObj_Village_IchikaraSighboard_A_04
profile: MapDynamicPassive
rigidBodyCenterY: 1.409209966659546
sortKey: 1
systemIsGetItemSelf: false
systemSameGroupActorName: ''
yLimitAlgorithm: NoLimit
