aabbMax:
  X: 0.3781599998474121
  Y: 2.312920093536377
  Z: 0.540120005607605
aabbMin:
  X: -0.35885700583457947
  Y: -0.02725300006568432
  Z: -0.5126169919967651
bfres: TwnObj_Village_RitoFurniture_A
boundingForTraverse: 2.3401730060577393
bugMask: 0
cursorOffsetY: 0.5
instSize: 38620
mainModel: TwnObj_Village_RitoLight_A_05
name: TwnObj_Village_RitoLight_A_05
profile: MapConstPassive
sortKey: -2
tags:
  tag0d23ee8c: 220458636
yLimitAlgorithm: NoLimit
