aabbMax:
  X: 2.388730049133301
  Y: 5.831830024719238
  Z: 2.3910601139068604
aabbMin:
  X: -2.5769500732421875
  Y: -1.7791199684143066
  Z: -2.578360080718994
attackPower: 0
bfres: TwnObj_AncientReactorFurnace_A
boundingForTraverse: 7.610949993133545
bugMask: 3
cursorOffsetY: 0.5
generalLife: 100
instSize: 95000
mainModel: TwnObj_AncientReactorFurnace_A_01
name: TwnObj_AncientReactorFurnace_A_01
profile: MapConstActive
rigidBodyCenterY: 1.0210100412368774
slink: TwnObj_AncientReactorFurnace
sortKey: 0
systemIsGetItemSelf: false
systemSameGroupActorName: ''
traverseDist: 300.0
yLimitAlgorithm: NoLimit
