aabbMax:
  X: 0.7551890015602112
  Y: 5.121039867401123
  Z: 0.7551890015602112
aabbMin:
  X: -0.7551890015602112
  Y: 0.0
  Z: -0.7551890015602112
bfres: TwnObj_Village_Zora_A
boundingForTraverse: 5.121039867401123
bugMask: 0
cursorOffsetY: 0.5
instSize: 54208
isHasFar: true
mainModel: TwnObj_Village_ZoraPillar_B_02
name: TwnObj_Village_ZoraPillar_B_02
profile: MapConstPassive
sortKey: -20
traverseDist: 502.135986328125
yLimitAlgorithm: NoLimit
