aabbMax:
  X: 14.490400314331055
  Y: 0.41468799114227295
  Z: 10.171799659729004
aabbMin:
  X: -14.531100273132324
  Y: -62.441001892089844
  Z: -13.740400314331055
bfres: TwnObj_WaterFallHyruleCastleGround_A_Far
boundingForTraverse: 62.855690002441406
bugMask: 0
cursorOffsetY: 0.5
instSize: 17400
mainModel: TwnObj_WaterFallHyruleCastleGround_A_S_01_Far
name: TwnObj_WaterFallHyruleCastleGround_A_S_01_Far
profile: MapConstPassive
sortKey: 0
tags:
  tag572de768: 1462626152
  tag57fd54ce: 1476220110
  tag84f40ec6: !u 0x84f40ec6
traverseDist: 1000.0
yLimitAlgorithm: NoLimit
