aabbMax:
  X: 3.582710027694702
  Y: 23.49810028076172
  Z: 2.095710039138794
aabbMin:
  X: -0.8969150185585022
  Y: -0.2869490087032318
  Z: -2.015310049057007
bfres: TwnObj_Village_Fishing_A
boundingForTraverse: 23.785049438476562
bugMask: 0
cursorOffsetY: 0.5
instSize: 48256
isHasFar: true
mainModel: TwnObj_Village_FishingCrowsNest_A_01
name: TwnObj_Village_FishingCrowsNest_A_01
profile: MapConstPassive
sortKey: 2
traverseDist: 506.080078125
yLimitAlgorithm: NoLimit
