aabbMax:
  X: 36.843101501464844
  Y: -31.09830093383789
  Z: 36.933101654052734
aabbMin:
  X: -40.522499084472656
  Y: -135.98599243164062
  Z: -36.717899322509766
bfres: TwnObj_Village_Rito_A_Far
boundingForTraverse: 104.8876953125
bugMask: 0
instSize: 17140
mainModel: TwnObj_Village_RitoBase_D_01_Far
name: TwnObj_Village_RitoBase_D_01_Far
profile: MapConstPassive
sortKey: 0
tags:
  tag57fd54ce: 1476220110
traverseDist: 4000.0
yLimitAlgorithm: NoLimit
