aabbMax:
  X: 5.513130187988281
  Y: 6.404990196228027
  Z: 5.252170085906982
aabbMin:
  X: -5.370510101318359
  Y: -0.20792199671268463
  Z: -5.361299991607666
bfres: TwnObj_Village_Hateno_A_Far
boundingForTraverse: 6.612912178039551
bugMask: 0
cursorOffsetY: 0.5
instSize: 16884
mainModel: TwnObj_Village_HatenoAnimalShed_A_02_Far
name: TwnObj_Village_HatenoAnimalShed_A_02_Far
profile: MapConstPassive
sortKey: 0
tags:
  tag57fd54ce: 1476220110
traverseDist: 2000.0
yLimitAlgorithm: NoLimit
