aabbMax:
  X: 9.630249977111816
  Y: 37.01890182495117
  Z: 12.720399856567383
aabbMin:
  X: -9.916040420532227
  Y: -1.1322100162506104
  Z: -20.103599548339844
bfres: TwnObj_Village_Fishing_A_Far
boundingForTraverse: 38.1511116027832
bugMask: 0
cursorOffsetY: 0.5
instSize: 17780
mainModel: TwnObj_Village_FishingHouse_L_A_01_Far
name: TwnObj_Village_FishingHouse_L_A_01_Far
profile: MapConstPassive
sortKey: 0
tags:
  tag57fd54ce: 1476220110
traverseDist: 1000.0
yLimitAlgorithm: NoLimit
