aabbMax:
  X: 2.514120101928711
  Y: 1.100000023841858
  Z: 0.14185699820518494
aabbMin:
  X: -2.6213300228118896
  Y: -0.4433229863643646
  Z: -0.1313749998807907
bfres: TwnObj_Village_Fishing_A
boundingForTraverse: 1.543323040008545
bugMask: 0
cursorOffsetY: 0.5
instSize: 27608
mainModel: TwnObj_Village_FishingFence_A_01
name: TwnObj_Village_FishingFence_A_01
profile: MapConstPassive
sortKey: 8
traverseDist: 300.0
yLimitAlgorithm: NoLimit
