aabbMax:
  X: 17.039899826049805
  Y: -9.485139846801758
  Z: 20.23900032043457
aabbMin:
  X: -17.715900421142578
  Y: -200.67799377441406
  Z: -16.15060043334961
bfres: TwnObj_Village_Rito_A_Far
boundingForTraverse: 191.19285583496094
bugMask: 0
instSize: 17140
mainModel: TwnObj_Village_RitoRock_B_01_Far
name: TwnObj_Village_RitoRock_B_01_Far
profile: MapConstPassive
sortKey: 0
tags:
  tag3c39db92: 1010424722
  tag57fd54ce: 1476220110
traverseDist: 3000.0
yLimitAlgorithm: NoLimit
