aabbMax:
  X: 341.48699951171875
  Y: 9.506059646606445
  Z: 365.7879943847656
aabbMin:
  X: -340.26300048828125
  Y: -12.42490005493164
  Z: -366.21099853515625
bfres: TwnObj_HyruleCastleGround_A_Far
boundingForTraverse: 21.930959701538086
bugMask: 0
cursorOffsetY: 0.5
instSize: 17492
mainModel: TwnObj_HyruleCastleGround_Culling_A_17_Far
name: TwnObj_HyruleCastleGround_Culling_A_17_Far
profile: MapConstPassive
sortKey: 0
tags:
  tag03528579: 55739769
  tag572de768: 1462626152
  tag57fd54ce: 1476220110
  tag84f40ec6: !u 0x84f40ec6
  taga1c9da5d: !u 0xa1c9da5d
traverseDist: 5000.0
yLimitAlgorithm: NoLimit
