aabbMax:
  X: 1.7272900342941284
  Y: 1.1013100147247314
  Z: 1.195449948310852
aabbMin:
  X: -1.6646300554275513
  Y: -0.02214300073683262
  Z: -1.061650037765503
bfres: TwnObj_Village_KorokFurniture_A
boundingForTraverse: 1.1234530210494995
bugMask: 0
cursorOffsetY: 0.5
instSize: 17396
mainModel: TwnObj_Village_KorokTable_A_01
name: TwnObj_Village_KorokTable_A_01
profile: MapConstPassive
sortKey: 0
yLimitAlgorithm: NoLimit
