aabbMax:
  X: 0.19591300189495087
  Y: 0.6007440090179443
  Z: 0.1906130015850067
aabbMin:
  X: -0.19591300189495087
  Y: -9.999999974752427e-07
  Z: -0.18632400035858154
bfres: TwnObj_Village_Hateno_A
boundingForTraverse: 0.6007450222969055
bugMask: 0
cursorOffsetY: 0.5
instSize: 39068
mainModel: TwnObj_Village_HatenoLamp_A_01
name: TwnObj_Village_HatenoLamp_A_01
profile: MapConstPassive
sortKey: 4
tags:
  tag0d23ee8c: 220458636
traverseDist: 150.0
yLimitAlgorithm: NoLimit
