aabbMax:
  X: 2.7593400478363037
  Y: 0.1757110059261322
  Z: 4.026370048522949
aabbMin:
  X: -1.2563300132751465
  Y: -0.05639699846506119
  Z: -1.8162800073623657
bfres: TwnObj_City_GoronArtifact_B
boundingForTraverse: 0.2321079969406128
bugMask: 0
cursorOffsetY: 0.5
instSize: 18292
mainModel: TwnObj_City_GoronTile_B_01
name: TwnObj_City_GoronTile_B_01
profile: MapConstPassive
sortKey: -3
traverseDist: 300.0
yLimitAlgorithm: NoLimit
