aabbMax:
  X: 106.63600158691406
  Y: 52.54710006713867
  Z: 86.78469848632812
aabbMin:
  X: -106.09100341796875
  Y: -52.37919998168945
  Z: -86.87349700927734
bfres: TwnObj_HyruleCastleGround_A_Far
boundingForTraverse: 104.92630004882812
bugMask: 0
cursorOffsetY: 0.5
instSize: 18036
mainModel: TwnObj_HyruleCastleGround_Culling_A_10_Far
name: TwnObj_HyruleCastleGround_Culling_A_10_Far
profile: MapConstPassive
sortKey: 0
tags:
  tag03528579: 55739769
  tag572de768: 1462626152
  tag57fd54ce: 1476220110
  tag84f40ec6: !u 0x84f40ec6
  taga1c9da5d: !u 0xa1c9da5d
traverseDist: 5000.0
yLimitAlgorithm: NoLimit
