aabbMax:
  X: 6.0318098068237305
  Y: 0.7890430092811584
  Z: 17.9906005859375
aabbMin:
  X: -6.192930221557617
  Y: -19.556400299072266
  Z: -18.09119987487793
bfres: TwnObj_HyruleCityBridge_A_Far
boundingForTraverse: 20.345443725585938
bugMask: 0
cursorOffsetY: 0.5
instSize: 17140
mainModel: TwnObj_HyruleCityBridge_A_01_Far
name: TwnObj_HyruleCityBridge_A_01_Far
profile: MapConstPassive
sortKey: 0
tags:
  tag57fd54ce: 1476220110
traverseDist: 1000.0
yLimitAlgorithm: NoLimit
