aabbMax:
  X: 1.1713099479675293
  Y: 1.4383200407028198
  Z: 1.72747004032135
aabbMin:
  X: -1.1600300073623657
  Y: -0.07079699635505676
  Z: -1.743399977684021
bfres: TwnObj_Village_KorokFurniture_A
boundingForTraverse: 1.5091170072555542
bugMask: 0
cursorOffsetY: 0.5
instSize: 28760
mainModel: TwnObj_Village_KorokBed_A_01
name: TwnObj_Village_KorokBed_A_01
profile: MapConstPassive
sortKey: 0
tags:
  tag28a3a540: 681813312
yLimitAlgorithm: NoLimit
