aabbMax:
  X: 3.716599941253662
  Y: 8.08823013305664
  Z: 0.05661600083112717
aabbMin:
  X: -3.716599941253662
  Y: -0.25354599952697754
  Z: -7.8644700050354
bfres: TwnObj_AncientReactor_A_Far
boundingForTraverse: 8.341775894165039
bugMask: 0
cursorOffsetY: 0.5
instSize: 51616
mainModel: TwnObj_AncientReactor_A_01_Far
name: TwnObj_AncientReactor_A_01_Far
profile: MapConstPassive
sortKey: 0
tags:
  tag57fd54ce: 1476220110
traverseDist: 1000.0
yLimitAlgorithm: NoLimit
