aabbMax:
  X: 0.32003501057624817
  Y: 0.5607820153236389
  Z: 0.29545000195503235
aabbMin:
  X: -0.30523398518562317
  Y: -0.0008379999781027436
  Z: -0.28971800208091736
bfres: TwnObj_StableHostel_A
boundingForTraverse: 0.5616199970245361
bugMask: 0
cursorOffsetY: 0.5
instSize: 17140
mainModel: TwnObj_StableHostelChair_A_02
name: TwnObj_StableHostelChair_A_02
profile: MapConstPassive
sortKey: 4
yLimitAlgorithm: NoLimit
