aabbMax:
  X: 0.7257159948348999
  Y: 1.3491400480270386
  Z: 0.726934015750885
aabbMin:
  X: -0.6823099851608276
  Y: -0.014593999832868576
  Z: -0.6618480086326599
bfres: TwnObj_GoronStorage_A
boundingForTraverse: 1.3637340068817139
bugMask: 0
cursorOffsetY: 0.5
instSize: 17716
mainModel: TwnObj_GoronLightStone_A_01
name: TwnObj_GoronLightStone_A_01
profile: MapConstPassive
sortKey: 0
yLimitAlgorithm: NoLimit
