aabbMax:
  X: 5.127649784088135
  Y: 13.546199798583984
  Z: 4.29580020904541
aabbMin:
  X: -5.175300121307373
  Y: -1.5893900394439697
  Z: -3.6858699321746826
bfres: TwnObj_HyruleCastleWall_A_Far
boundingForTraverse: 15.135589599609375
bugMask: 0
cursorOffsetY: 0.5
instSize: 17140
mainModel: TwnObj_HyruleCastleWallConnect_D_01_Far
name: TwnObj_HyruleCastleWallConnect_D_01_Far
profile: MapConstPassive
sortKey: 0
tags:
  tag03528579: 55739769
  tag57fd54ce: 1476220110
  taga1c9da5d: !u 0xa1c9da5d
traverseDist: 3000.0
yLimitAlgorithm: NoLimit
