aabbMax:
  X: 1.5359300374984741
  Y: 3.9397900104522705
  Z: 0.28980299830436707
aabbMin:
  X: -1.5359300374984741
  Y: -0.24788300693035126
  Z: -1.9207700490951538
attackPower: 0
bfres: TwnObj_Village_Zora_A
boundingForTraverse: 4.187673091888428
bugMask: 1
cursorOffsetY: 1.0
generalLife: 1
instSize: 61672
lookAtOffsetY: 1.7999999523162842
mainModel: TwnObj_ZoraLithograph_A_01
name: TwnObj_ZoraLithograph_A_01
profile: MapDynamicPassive
rigidBodyCenterY: 1.6402599811553955
sortKey: 0
systemIsGetItemSelf: false
systemSameGroupActorName: ''
tags:
  tag2a2d0822: 707594274
  tagef748738: !u 0xef748738
traverseDist: 50.0
yLimitAlgorithm: NoLimit
