aabbMax:
  X: 16.135400772094727
  Y: 35.7661018371582
  Z: 10.98289966583252
aabbMin:
  X: -16.149700164794922
  Y: -1.7620099782943726
  Z: -7.67717981338501
bfres: TwnObj_HyruleCastleWall_A_Far
boundingForTraverse: 37.52811050415039
bugMask: 0
cursorOffsetY: 0.5
instSize: 17140
mainModel: TwnObj_HyruleCastleWallWatchTower_D_01_Far
name: TwnObj_HyruleCastleWallWatchTower_D_01_Far
profile: MapConstPassive
sortKey: 0
tags:
  tag03528579: 55739769
  tag57fd54ce: 1476220110
  taga1c9da5d: !u 0xa1c9da5d
traverseDist: 3000.0
yLimitAlgorithm: NoLimit
