aabbMax:
  X: 4.7694501876831055
  Y: -4.781750202178955
  Z: 0.8793820142745972
aabbMin:
  X: -4.7694501876831055
  Y: -7.761199951171875
  Z: -0.8606629967689514
bfres: TwnObj_Village_Zora_A
boundingForTraverse: 2.979449987411499
bugMask: 0
cursorOffsetY: 0.5
instSize: 17972
mainModel: TwnObj_Village_ZoraArch_A_02
name: TwnObj_Village_ZoraArch_A_02
profile: MapConstPassive
sortKey: 10
yLimitAlgorithm: NoLimit
