aabbMax:
  X: 0.3199799954891205
  Y: 2.315570116043091
  Z: 0.3199799954891205
aabbMin:
  X: -0.3199799954891205
  Y: 0.0
  Z: -0.3199799954891205
bfres: TwnObj_Village_Zora_A
boundingForTraverse: 2.315570116043091
bugMask: 0
cursorOffsetY: 0.5
instSize: 19700
mainModel: TwnObj_Village_ZoraPillar_B_04
name: TwnObj_Village_ZoraPillar_B_04
profile: MapConstPassive
sortKey: -15
yLimitAlgorithm: NoLimit
