aabbMax:
  X: 1.1838099956512451
  Y: 0.6921759843826294
  Z: 0.35669198632240295
aabbMin:
  X: -1.3530100584030151
  Y: -0.36952099204063416
  Z: -0.8147760033607483
bfres: TwnObj_Village_RitoFurniture_A
boundingForTraverse: 1.061697006225586
bugMask: 0
cursorOffsetY: 0.5
instSize: 46748
mainModel: TwnObj_Village_RitoBook_A_01
name: TwnObj_Village_RitoBook_A_01
profile: MapConstPassive
sortKey: -7
yLimitAlgorithm: NoLimit
