aabbMax:
  X: 5.096199989318848
  Y: 3.9104199409484863
  Z: 5.4140801429748535
aabbMin:
  X: -4.845799922943115
  Y: 0.32127198576927185
  Z: -5.720489978790283
bfres: TwnObj_HatenoGateKeeperHouse_A
boundingForTraverse: 3.5891480445861816
bugMask: 0
cursorOffsetY: 0.5
instSize: 90096
mainModel: TwnObj_HatenoGateKeeperHouse_Inside_A_01
name: TwnObj_HatenoGateKeeperHouse_Inside_A_01
profile: MapConstPassive
sortKey: 2
yLimitAlgorithm: NoLimit
