aabbMax:
  X: 11.11709976196289
  Y: 0.31704598665237427
  Z: 25.01740074157715
aabbMin:
  X: -15.013799667358398
  Y: -5.255060195922852
  Z: -24.362300872802734
bfres: TwnObj_City_Goron_A
boundingForTraverse: 5.572105884552002
bugMask: 0
instSize: 61028
mainModel: TwnObj_City_GoronBridge_A_01
name: TwnObj_City_GoronBridge_A_01
profile: MapConstPassive
sortKey: 3
traverseDist: 300.0
yLimitAlgorithm: NoLimit
