aabbMax:
  X: 0.26621299982070923
  Y: 0.49712899327278137
  Z: 0.2805269956588745
aabbMin:
  X: -0.24739499390125275
  Y: -0.003338000038638711
  Z: -0.2345529943704605
bfres: TwnObj_StableHostel_A
boundingForTraverse: 0.5004670023918152
bugMask: 0
cursorOffsetY: 0.5
instSize: 38620
mainModel: TwnObj_StableHosteLamp_A_01
name: TwnObj_StableHosteLamp_A_01
profile: MapConstPassive
sortKey: 0
yLimitAlgorithm: NoLimit
