aabbMax:
  X: 3.825819969177246
  Y: 4.858540058135986
  Z: 2.3754100799560547
aabbMin:
  X: -3.825819969177246
  Y: -0.5
  Z: -2.080209970474243
bfres: TwnObj_Village_Sheiker_A
boundingForTraverse: 5.358540058135986
bugMask: 0
instSize: 81036
mainModel: TwnObj_Village_SheikerWoodShed_A_M_01
name: TwnObj_Village_SheikerWoodshed_A_M_01
profile: MapConstPassive
sortKey: -12
traverseDist: 300.0
yLimitAlgorithm: NoLimit
