aabbMax:
  X: 10.025500297546387
  Y: 15.687600135803223
  Z: 8.265299797058105
aabbMin:
  X: -11.183099746704102
  Y: -2.0885701179504395
  Z: -16.159000396728516
bfres: TwnObj_City_Goron_A
boundingForTraverse: 17.77617073059082
bugMask: 0
instSize: 163880
mainModel: TwnObj_City_GoronFarmacy_A_01
name: TwnObj_City_GoronFarmacy_A_01
profile: MapConstPassive
sortKey: -6
traverseDist: 300.0
yLimitAlgorithm: NoLimit
