aabbMax:
  X: 0.8832839727401733
  Y: 2.026249885559082
  Z: 0.8864200115203857
aabbMin:
  X: -0.916998028755188
  Y: -0.054297998547554016
  Z: -0.874284029006958
bfres: TwnObj_City_GoronArtifact_B
boundingForTraverse: 2.080548048019409
bugMask: 0
cursorOffsetY: 0.5
instSize: 58724
mainModel: TwnObj_City_GoronBox_B_01
name: TwnObj_City_GoronBox_B_01
profile: MapConstPassive
sortKey: -4
yLimitAlgorithm: NoLimit
