aabbMax:
  X: 1.2463699579238892
  Y: 6.4415202140808105
  Z: 0.43444401025772095
aabbMin:
  X: -1.2446600198745728
  Y: -0.2812260091304779
  Z: -0.6672499775886536
bfres: TwnObj_Village_IchikaraFurniture_A
boundingForTraverse: 6.722745895385742
bugMask: 0
cursorOffsetY: 0.5
instSize: 70600
mainModel: TwnObj_Village_IchikaraLamp_B_01
name: TwnObj_Village_IchikaraLamp_B_01
profile: MapConstPassive
sortKey: -3
tags:
  tag0d23ee8c: 220458636
traverseDist: 300.0
yLimitAlgorithm: NoLimit
