aabbMax:
  X: 2.912329912185669
  Y: 1.1198300123214722
  Z: 1.0208699703216553
aabbMin:
  X: -2.8998401165008545
  Y: -0.01228999998420477
  Z: -1.038699984550476
bfres: TwnObj_Village_IchikaraFurniture_A
boundingForTraverse: 1.1321200132369995
bugMask: 0
cursorOffsetY: 0.5
instSize: 38172
mainModel: TwnObj_Village_IchikaraShopTable_A_01
name: TwnObj_Village_IchikaraShopTable_A_01
profile: MapConstPassive
sortKey: 3
yLimitAlgorithm: NoLimit
