aabbMax:
  X: 2.556030035018921
  Y: 2.811530113220215
  Z: 4.247320175170898
aabbMin:
  X: -2.432919979095459
  Y: -3.7637200355529785
  Z: -4.299630165100098
bfres: TwnObj_Village_Sheiker_A
boundingForTraverse: 6.575250148773193
bugMask: 0
instSize: 58724
mainModel: TwnObj_Village_SheikerBridgeWood_A_01
name: TwnObj_Village_SheikerBridgeWood_A_01
profile: MapConstPassive
sortKey: -7
traverseDist: 300.0
yLimitAlgorithm: NoLimit
