aabbMax:
  X: 0.1581829935312271
  Y: 0.7635890245437622
  Z: 0.796409010887146
aabbMin:
  X: -0.8120290040969849
  Y: 0.0
  Z: -0.5692269802093506
bfres: TwnObj_Village_RitoFurniture_A
boundingForTraverse: 0.7635890245437622
bugMask: 0
cursorOffsetY: 0.5
instSize: 38876
mainModel: TwnObj_Village_RitoCap_A_01
name: TwnObj_Village_RitoCap_A_01
profile: MapConstPassive
sortKey: 8
yLimitAlgorithm: NoLimit
