aabbMax:
  X: 28.471599578857422
  Y: 16.853099822998047
  Z: 9.219829559326172
aabbMin:
  X: -43.56119918823242
  Y: -2.369920015335083
  Z: -21.106000900268555
bfres: TwnObj_TempleOfTime_A
boundingForTraverse: 19.223020553588867
bugMask: 0
cursorOffsetY: 0.5
instSize: 41660
isHasFar: true
mainModel: TwnObj_TempleOfTime_Base_A_03
name: TwnObj_TempleOfTime_Base_A_03
profile: MapConstPassive
sortKey: -8
traverseDist: 578.1561279296875
yLimitAlgorithm: NoLimit
