aabbMax:
  X: 3.0924599170684814
  Y: 5.527550220489502
  Z: 1.1461299657821655
aabbMin:
  X: -3.0055599212646484
  Y: -0.0450109988451004
  Z: -0.6260340213775635
bfres: TwnObj_Village_Rito_A_Far
boundingForTraverse: 5.572560787200928
bugMask: 0
cursorOffsetY: 0.5
instSize: 39260
mainModel: TwnObj_Village_RitoGate_A_01_Far
name: TwnObj_Village_RitoGate_A_01_Far
profile: MapConstPassive
sortKey: 0
tags:
  tag57fd54ce: 1476220110
traverseDist: 1000.0
yLimitAlgorithm: NoLimit
