aabbMax:
  X: 0.3108069896697998
  Y: 1.6367900371551514
  Z: 0.36347898840904236
aabbMin:
  X: -0.3031579852104187
  Y: 0.0
  Z: -0.40777501463890076
attackPower: 0
bfres: TwnObj_City_Gerudo_A
boundingForTraverse: 1.6367900371551514
bugMask: 2
cursorOffsetY: 1.5
generalLife: 100
instSize: 54976
lookAtOffsetY: 1.5
mainModel: TwnObj_City_GerudoTorchStand_A_01
name: TwnObj_City_GerudoTorchStand_A_01
profile: MapDynamicPassive
rigidBodyCenterY: 0.5
slink: CandleGround
sortKey: -31
systemIsGetItemSelf: false
systemSameGroupActorName: ''
yLimitAlgorithm: NoLimit
