aabbMax:
  X: 9.97659969329834
  Y: 37.60639953613281
  Z: 10.214900016784668
aabbMin:
  X: -15.421799659729004
  Y: -120.18299865722656
  Z: -10.35260009765625
bfres: TwnObj_Village_Rito_A_Far
boundingForTraverse: 157.78939819335938
bugMask: 0
instSize: 17140
mainModel: TwnObj_Village_RitoRock_D_01_Far
name: TwnObj_Village_RitoRock_D_01_Far
profile: MapConstPassive
sortKey: 0
tags:
  tag3c39db92: 1010424722
  tag57fd54ce: 1476220110
traverseDist: 3000.0
yLimitAlgorithm: NoLimit
