aabbMax:
  X: 5.8937602043151855
  Y: 5.069630146026611
  Z: 7.360519886016846
aabbMin:
  X: -5.8937602043151855
  Y: -24.006900787353516
  Z: -7.443490028381348
bfres: TwnObj_Village_Rito_A_Far
boundingForTraverse: 29.07653045654297
bugMask: 0
instSize: 112504
mainModel: TwnObj_Village_RitoHouse_A_01_Far
name: TwnObj_Village_RitoHouse_A_01_Far
profile: MapConstPassive
sortKey: 0
tags:
  tag57fd54ce: 1476220110
traverseDist: 3000.0
yLimitAlgorithm: NoLimit
