aabbMax:
  X: 4.5657501220703125
  Y: 6.838399887084961
  Z: 3.1665000915527344
aabbMin:
  X: -4.5657501220703125
  Y: -0.5642099976539612
  Z: -4.44035005569458
bfres: TwnObj_City_Gerudo_A
boundingForTraverse: 7.402609825134277
bugMask: 0
cursorOffsetY: 0.5
instSize: 217408
mainModel: TwnObj_City_GerudoStreetStand_A_01
name: TwnObj_City_GerudoStreetStand_A_01
profile: MapConstPassive
sortKey: 26
traverseDist: 300.0
yLimitAlgorithm: NoLimit
