aabbMax:
  X: 2.549999952316284
  Y: 2.9674999713897705
  Z: 2.9000000953674316
aabbMin:
  X: -2.700000047683716
  Y: -0.5
  Z: -2.799999952316284
bfres: TwnObj_HyruleCityStoneRuin_A
boundingForTraverse: 3.4674999713897705
bugMask: 0
cursorOffsetY: 0.5
instSize: 73928
mainModel: TwnObj_HyruleCityStoneRuinRightAngleWall_A_01
name: TwnObj_HyruleCityStoneRuinRightAngleWall_A_01
profile: MapConstPassive
sortKey: -2
yLimitAlgorithm: NoLimit
