aabbMax:
  X: 3.9155800342559814
  Y: 4.382190227508545
  Z: 3.213749885559082
aabbMin:
  X: -3.918570041656494
  Y: 0.07608699798583984
  Z: -2.3767900466918945
bfres: TwnObj_City_Gerudo_A
boundingForTraverse: 4.306103229522705
bugMask: 0
cursorOffsetY: 0.5
instSize: 59172
mainModel: TwnObj_City_GerudoTent_A_01
name: TwnObj_City_GerudoTent_A_01
profile: MapConstPassive
sortKey: 24
traverseDist: 300.0
yLimitAlgorithm: NoLimit
