aabbMax:
  X: 7.528870105743408
  Y: 58.813899993896484
  Z: 7.2175798416137695
aabbMin:
  X: -7.513390064239502
  Y: -0.1423420011997223
  Z: -21.024099349975586
bfres: TwnObj_TempleOfTime_B_Far
boundingForTraverse: 58.956241607666016
bugMask: 0
cursorOffsetY: 0.5
instSize: 17780
mainModel: TwnObj_TempleOfTime_Gate_B_02_Far
name: TwnObj_TempleOfTime_Gate_B_02_Far
profile: MapConstPassive
sortKey: 0
tags:
  tag57fd54ce: 1476220110
traverseDist: 3000.0
yLimitAlgorithm: NoLimit
