aabbMax:
  X: 0.34836798906326294
  Y: 3.5764501094818115
  Z: 0.34836798906326294
aabbMin:
  X: -0.34836798906326294
  Y: -0.012206999585032463
  Z: -0.34836798906326294
bfres: TwnObj_Village_Zora_A
boundingForTraverse: 3.5886569023132324
bugMask: 0
cursorOffsetY: 0.5
instSize: 19956
mainModel: TwnObj_Village_ZoraPillar_B_03
name: TwnObj_Village_ZoraPillar_B_03
profile: MapConstPassive
sortKey: -18
tags:
  tag0d23ee8c: 220458636
yLimitAlgorithm: NoLimit
