aabbMax:
  X: 4.24429988861084
  Y: 8.03048038482666
  Z: 0.8193179965019226
aabbMin:
  X: -3.821899890899658
  Y: -0.5
  Z: -0.7354530096054077
bfres: TwnObj_HyruleCityStoneRuin_A
boundingForTraverse: 8.53048038482666
bugMask: 0
cursorOffsetY: 0.5
instSize: 96880
mainModel: TwnObj_HyruleCityStoneRuinStraightWall_A_01
name: TwnObj_HyruleCityStoneRuinStraightWall_A_01
profile: MapConstPassive
sortKey: -1
yLimitAlgorithm: NoLimit
