aabbMax:
  X: 123.01000213623047
  Y: 77.43489837646484
  Z: 116.34600067138672
aabbMin:
  X: -123.01000213623047
  Y: 3.999999989900971e-06
  Z: -127.15599822998047
bfres: TwnObj_Village_Zora_A
boundingForTraverse: 77.43489837646484
bugMask: 0
cursorOffsetY: 0.5
instSize: 274312
isHasFar: true
mainModel: TwnObj_Village_ZoraBailey_A_01
name: TwnObj_Village_ZoraBailey_A_01
profile: MapConstPassive
sortKey: -4
traverseDist: 846.14892578125
yLimitAlgorithm: NoLimit
