aabbMax:
  X: 6.280389785766602
  Y: 22.657400131225586
  Z: 5.588659763336182
aabbMin:
  X: -7.664989948272705
  Y: -0.011688999831676483
  Z: -8.325429916381836
bfres: TwnObj_Village_Hateno_A
boundingForTraverse: 22.669090270996094
bugMask: 0
instSize: 174140
mainModel: TwnObj_Village_HatenoWindmill_A_01
name: TwnObj_Village_HatenoWindmill_A_01
profile: MapConstPassive
sortKey: 5
traverseDist: 2000.0
yLimitAlgorithm: NoLimit
