aabbMax:
  X: 3.672410011291504
  Y: 66.38490295410156
  Z: 6.176839828491211
aabbMin:
  X: -3.6825900077819824
  Y: -0.4826740026473999
  Z: -15.025400161743164
bfres: TwnObj_TempleOfTime_C_Far
boundingForTraverse: 66.8675765991211
bugMask: 0
cursorOffsetY: 0.5
instSize: 17524
mainModel: TwnObj_TempleOfTime_WallSnow_C_04_Far
name: TwnObj_TempleOfTime_WallSnow_C_04_Far
profile: MapConstPassive
sortKey: 0
tags:
  tag57fd54ce: 1476220110
traverseDist: 1500.0
yLimitAlgorithm: NoLimit
