aabbMax:
  X: 120.19400024414062
  Y: 42.22719955444336
  Z: 89.33869934082031
aabbMin:
  X: -120.43699645996094
  Y: -42.29779815673828
  Z: -90.00759887695312
bfres: TwnObj_HyruleCastleGround_A_Far
boundingForTraverse: 84.52499389648438
bugMask: 0
cursorOffsetY: 0.5
instSize: 17780
mainModel: TwnObj_HyruleCastleGround_Culling_A_01_Far
name: TwnObj_HyruleCastleGround_Culling_A_01_Far
profile: MapConstPassive
sortKey: 0
tags:
  tag03528579: 55739769
  tag572de768: 1462626152
  tag57fd54ce: 1476220110
  tag84f40ec6: !u 0x84f40ec6
  taga1c9da5d: !u 0xa1c9da5d
traverseDist: 5000.0
yLimitAlgorithm: NoLimit
