aabbMax:
  X: 3.6803700923919678
  Y: 66.28679656982422
  Z: 6.117909908294678
aabbMin:
  X: -3.655179977416992
  Y: -0.4617690145969391
  Z: -14.771699905395508
bfres: TwnObj_TempleOfTime_B_Far
boundingForTraverse: 66.74856567382812
bugMask: 0
cursorOffsetY: 0.5
instSize: 17780
mainModel: TwnObj_TempleOfTime_Wall_B_04_Far
name: TwnObj_TempleOfTime_Wall_B_04_Far
profile: MapConstPassive
sortKey: 0
tags:
  tag57fd54ce: 1476220110
traverseDist: 2000.0
yLimitAlgorithm: NoLimit
