aabbMax:
  X: 0.7592200040817261
  Y: 2.485919952392578
  Z: 0.6595579981803894
aabbMin:
  X: -0.9326090216636658
  Y: -0.037668000906705856
  Z: -0.6626160144805908
bfres: TwnObj_Village_Hateno_A_Far
boundingForTraverse: 2.523587942123413
bugMask: 0
cursorOffsetY: 0.5
instSize: 16884
mainModel: TwnObj_Village_HatenoRock_A_02_Far
name: TwnObj_Village_HatenoRock_A_02_Far
profile: MapConstPassive
sortKey: 0
tags:
  tag57fd54ce: 1476220110
traverseDist: 1000.0
yLimitAlgorithm: NoLimit
