aabbMax:
  X: 2.310070037841797
  Y: 0.06711199879646301
  Z: 0.3789600133895874
aabbMin:
  X: -2.4000699520111084
  Y: -51.7317008972168
  Z: -3.2023799419403076
bfres: TwnObj_Village_Zora_A
boundingForTraverse: 51.79881286621094
bugMask: 0
cursorOffsetY: 0.5
instSize: 19960
isHasFar: true
mainModel: TwnObj_Village_ZoraWaterFall_A_03
name: TwnObj_Village_ZoraWaterFall_A_03
profile: MapConstPassive
sortKey: -10
traverseDist: 505.91705322265625
yLimitAlgorithm: NoLimit
