aabbMax:
  X: 0.605334997177124
  Y: 2.621659994125366
  Z: 0.7568730115890503
aabbMin:
  X: -0.6097549796104431
  Y: -0.4571689963340759
  Z: -0.6556810140609741
bfres: TwnObj_City_Goron_A
boundingForTraverse: 3.078829050064087
bugMask: 0
cursorOffsetY: 0.5
instSize: 49472
mainModel: TwnObj_City_GoronLight_A_05
name: TwnObj_City_GoronLight_A_05
profile: MapConstPassive
sortKey: 12
tags:
  tag0d23ee8c: 220458636
traverseDist: 150.0
yLimitAlgorithm: NoLimit
