aabbMax:
  X: 15.35260009765625
  Y: 8.488539695739746
  Z: 16.84000015258789
aabbMin:
  X: -16.899499893188477
  Y: -0.9277740120887756
  Z: -18.032400131225586
bfres: TwnObj_TempleOfTime_A_Far
boundingForTraverse: 9.416314125061035
bugMask: 0
cursorOffsetY: 0.5
instSize: 17780
mainModel: TwnObj_TempleOfTime_Wisdom_A_01_Far
name: TwnObj_TempleOfTime_Wisdom_A_01_Far
profile: MapConstPassive
sortKey: 0
traverseDist: 4000.0
yLimitAlgorithm: NoLimit
