aabbMax:
  X: 1.1414400339126587
  Y: 1.2712700366973877
  Z: 1.6867799758911133
aabbMin:
  X: -1.1372400522232056
  Y: 0.0
  Z: -1.7200499773025513
bfres: TwnObj_Village_RitoFurniture_A
boundingForTraverse: 1.2712700366973877
bugMask: 0
cursorOffsetY: 0.5
instSize: 38940
mainModel: TwnObj_Village_RitoBed_A_01
name: TwnObj_Village_RitoBed_A_01
profile: MapConstPassive
sortKey: -8
yLimitAlgorithm: NoLimit
