aabbMax:
  X: 2.8000600337982178
  Y: 4.724259853363037
  Z: 2.8322200775146484
aabbMin:
  X: -3.1915500164031982
  Y: -0.1163949966430664
  Z: -2.7482399940490723
bfres: TwnObj_Village_Fishing_A
boundingForTraverse: 4.8406548500061035
bugMask: 0
cursorOffsetY: 0.5
instSize: 38492
mainModel: TwnObj_Village_FishingLongTorch_A_02
name: TwnObj_Village_FishingLongTorch_A_02
profile: MapConstPassive
sortKey: 6
traverseDist: 500.0
yLimitAlgorithm: NoLimit
