aabbMax:
  X: 0.34676098823547363
  Y: 2.32627010345459
  Z: 0.3411189913749695
aabbMin:
  X: -0.3286130130290985
  Y: 2.0233800411224365
  Z: -0.35438698530197144
bfres: TwnObj_Village_Rito_A
boundingForTraverse: 0.30289000272750854
bugMask: 0
cursorOffsetY: 0.5
instSize: 17524
mainModel: TwnObj_Village_RitoGoddesCorolla_A_01
name: TwnObj_Village_RitoGoddesCorolla_A_01
profile: MapConstPassive
sortKey: 0
yLimitAlgorithm: NoLimit
