aabbMax:
  X: 1.109339952468872
  Y: 0.6368849873542786
  Z: 2.3806400299072266
aabbMin:
  X: -1.2136000394821167
  Y: -0.005278999917209148
  Z: -2.335779905319214
bfres: TwnObj_City_GoronFurniture_A
boundingForTraverse: 0.6421639919281006
bugMask: 0
cursorOffsetY: 0.5
instSize: 38044
mainModel: TwnObj_City_GoronChess_A_01
name: TwnObj_City_GoronChess_A_01
profile: MapConstPassive
sortKey: 0
yLimitAlgorithm: NoLimit
