aabbMax:
  X: 118.50199890136719
  Y: 79.56900024414062
  Z: 299.9739990234375
aabbMin:
  X: -108.90899658203125
  Y: -69.76210021972656
  Z: -68.03050231933594
bfres: TwnObj_HyruleCastleGround_A_Far
boundingForTraverse: 149.3311004638672
bugMask: 0
cursorOffsetY: 0.5
instSize: 18068
mainModel: TwnObj_HyruleCastleGround_Culling_A_05_Far
name: TwnObj_HyruleCastleGround_Culling_A_05_Far
profile: MapConstPassive
sortKey: 0
tags:
  tag03528579: 55739769
  tag572de768: 1462626152
  tag57fd54ce: 1476220110
  tag84f40ec6: !u 0x84f40ec6
  taga1c9da5d: !u 0xa1c9da5d
traverseDist: 5000.0
yLimitAlgorithm: NoLimit
