aabbMax:
  X: 11.40820026397705
  Y: 13.550800323486328
  Z: 3.818470001220703
aabbMin:
  X: -0.7994419932365417
  Y: -2.505959987640381
  Z: -3.7437400817871094
bfres: TwnObj_HyruleCastleWall_A_Far
boundingForTraverse: 16.056760787963867
bugMask: 0
cursorOffsetY: 0.5
instSize: 17140
mainModel: TwnObj_HyruleCastleWallPartsEndBreak_A_03_Far
name: TwnObj_HyruleCastleWallPartsEndBreak_A_03_Far
profile: MapConstPassive
sortKey: 0
tags:
  tag03528579: 55739769
  tag57fd54ce: 1476220110
  taga1c9da5d: !u 0xa1c9da5d
traverseDist: 3000.0
yLimitAlgorithm: NoLimit
