aabbMax:
  X: 21.611499786376953
  Y: 16.755599975585938
  Z: 17.452299118041992
aabbMin:
  X: -21.610700607299805
  Y: -0.006969999987632036
  Z: -14.531800270080566
bfres: TwnObj_Village_Ichikara_A_Far
boundingForTraverse: 16.762571334838867
bugMask: 0
cursorOffsetY: 0.5
instSize: 122044
mainModel: TwnObj_Village_IchikaraHouse_A_03_Far
name: TwnObj_Village_IchikaraHouse_A_03_Far
profile: MapConstPassive
sortKey: 0
tags:
  tag57fd54ce: 1476220110
traverseDist: 1000.0
yLimitAlgorithm: NoLimit
