aabbMax:
  X: 19.229999542236328
  Y: 32.43550109863281
  Z: 14.149900436401367
aabbMin:
  X: -13.442000389099121
  Y: -0.4687969982624054
  Z: -13.400799751281738
bfres: TwnObj_StableHostelSnow_A
boundingForTraverse: 32.904296875
bugMask: 0
cursorOffsetY: 0.5
instSize: 18324
isHasFar: true
mainModel: TwnObj_StableHostelSnow_A_01
name: TwnObj_StableHostelSnow_A_01
profile: MapConstPassive
sortKey: 0
traverseDist: 542.737548828125
yLimitAlgorithm: NoLimit
