aabbMax:
  X: 0.29973599314689636
  Y: 0.5191879868507385
  Z: 0.29973599314689636
aabbMin:
  X: -0.29973599314689636
  Y: -0.05166900157928467
  Z: -0.29973599314689636
bfres: TwnObj_Village_HatenoFurniture_A
boundingForTraverse: 0.5708569884300232
bugMask: 0
cursorOffsetY: 0.5
instSize: 17140
mainModel: TwnObj_Village_HatenoChair_A_02
name: TwnObj_Village_HatenoChair_A_02
profile: MapConstPassive
sortKey: -3
yLimitAlgorithm: NoLimit
