aabbMax:
  X: 86.33219909667969
  Y: 38.98720169067383
  Z: 60.00120162963867
aabbMin:
  X: -86.1261978149414
  Y: -40.57899856567383
  Z: -59.710899353027344
bfres: TwnObj_HyruleCastleGround_A_Far
boundingForTraverse: 79.56620025634766
bugMask: 0
cursorOffsetY: 0.5
instSize: 17780
mainModel: TwnObj_HyruleCastleGround_Culling_A_08_Far
name: TwnObj_HyruleCastleGround_Culling_A_08_Far
profile: MapConstPassive
sortKey: 0
tags:
  tag03528579: 55739769
  tag572de768: 1462626152
  tag57fd54ce: 1476220110
  tag84f40ec6: !u 0x84f40ec6
  taga1c9da5d: !u 0xa1c9da5d
traverseDist: 5000.0
yLimitAlgorithm: NoLimit
