aabbMax:
  X: 0.7407310009002686
  Y: 2.162400007247925
  Z: 0.688389003276825
aabbMin:
  X: -1.6432100534439087
  Y: -0.013476000167429447
  Z: -0.6175749897956848
bfres: TwnObj_Village_Hateno_A_Far
boundingForTraverse: 2.1758759021759033
bugMask: 0
cursorOffsetY: 0.5
instSize: 16884
mainModel: TwnObj_Village_HatenoRock_A_03_Far
name: TwnObj_Village_HatenoRock_A_03_Far
profile: MapConstPassive
sortKey: 0
tags:
  tag57fd54ce: 1476220110
traverseDist: 1000.0
yLimitAlgorithm: NoLimit
