aabbMax:
  X: 0.19591300189495087
  Y: 0.5979729890823364
  Z: 0.19020700454711914
aabbMin:
  X: -0.19591300189495087
  Y: -9.999999974752427e-07
  Z: -0.3256019949913025
bfres: TwnObj_Village_Hateno_A
boundingForTraverse: 0.5979740023612976
bugMask: 0
cursorOffsetY: 0.5
instSize: 38620
mainModel: TwnObj_Village_HatenoLamp_A_02
name: TwnObj_Village_HatenoLamp_A_02
profile: MapConstPassive
sortKey: 6
tags:
  tag0d23ee8c: 220458636
traverseDist: 500.0
yLimitAlgorithm: NoLimit
