aabbMax:
  X: 11.60890007019043
  Y: 24.134000778198242
  Z: 13.487000465393066
aabbMin:
  X: -13.175299644470215
  Y: -1.0454000234603882
  Z: -10.908100128173828
bfres: TwnObj_Village_Hateno_A_Far
boundingForTraverse: 25.179401397705078
bugMask: 0
cursorOffsetY: 0.5
instSize: 17140
mainModel: TwnObj_Village_HatenoHouse_A_L_03_Far
name: TwnObj_Village_HatenoHouse_A_L_03_Far
profile: MapConstPassive
sortKey: 0
tags:
  tag57fd54ce: 1476220110
traverseDist: 2000.0
yLimitAlgorithm: NoLimit
