aabbMax:
  X: 4.037759780883789
  Y: 2.8081400394439697
  Z: 0.5905460119247437
aabbMin:
  X: -4.159689903259277
  Y: -0.19601699709892273
  Z: -0.5421289801597595
bfres: TwnObj_BrownStoneRuin_A_Far
boundingForTraverse: 3.004157066345215
bugMask: 0
instSize: 16884
mainModel: TwnObj_BrownStoneRuinWall_A_02_Far
name: TwnObj_BrownStoneRuinWall_A_02_Far
profile: MapConstPassive
sortKey: -5
tags:
  tag0d23ee8c: 220458636
  tag57fd54ce: 1476220110
  tag6bddf03c: 1809707068
  tagdeb8e664: !u 0xdeb8e664
traverseDist: 500.0
yLimitAlgorithm: NoLimit
