aabbMax:
  X: 2.35221004486084
  Y: 0.985614001750946
  Z: 0.6389139890670776
aabbMin:
  X: -2.35221004486084
  Y: 0.0
  Z: -0.6389139890670776
bfres: TwnObj_Village_Fishing_A
boundingForTraverse: 0.985614001750946
bugMask: 0
cursorOffsetY: 0.5
instSize: 38044
mainModel: TwnObj_Village_FishingBoatShopPlate_A_01
name: TwnObj_Village_FishingBoatShopPlate_A_01
profile: MapConstPassive
sortKey: -4
yLimitAlgorithm: NoLimit
