aabbMax:
  X: 81.5114974975586
  Y: 31.40730094909668
  Z: 60.02220153808594
aabbMin:
  X: -126.33999633789062
  Y: -24.79439926147461
  Z: -230.2550048828125
bfres: TwnObj_HyruleCastleGround_A_Far
boundingForTraverse: 56.201698303222656
bugMask: 0
cursorOffsetY: 0.5
instSize: 18068
mainModel: TwnObj_HyruleCastleGround_Culling_A_02_Far
name: TwnObj_HyruleCastleGround_Culling_A_02_Far
profile: MapConstPassive
sortKey: 0
tags:
  tag03528579: 55739769
  tag572de768: 1462626152
  tag57fd54ce: 1476220110
  tag84f40ec6: !u 0x84f40ec6
  taga1c9da5d: !u 0xa1c9da5d
traverseDist: 5000.0
yLimitAlgorithm: NoLimit
