aabbMax:
  X: 0.4996129870414734
  Y: 1.0306299924850464
  Z: 0.45228999853134155
aabbMin:
  X: -0.4722760021686554
  Y: -0.009732999838888645
  Z: -0.48054900765419006
bfres: TwnObj_City_GoronFurniture_A
boundingForTraverse: 1.0403629541397095
bugMask: 0
cursorOffsetY: 0.5
instSize: 38044
mainModel: TwnObj_City_GoronChair_A_01
name: TwnObj_City_GoronChair_A_01
profile: MapConstPassive
sortKey: 0
yLimitAlgorithm: NoLimit
