aabbMax:
  X: 2.2791199684143066
  Y: 1.5666999816894531
  Z: 13.741299629211426
aabbMin:
  X: -2.1734299659729004
  Y: -3.134510040283203
  Z: -2.8578898906707764
bfres: TwnObj_Village_Hateno_A
boundingForTraverse: 4.701210021972656
bugMask: 0
cursorOffsetY: 0.5
instSize: 27608
mainModel: TwnObj_Village_HatenoBridgeWoodSmall_A_01
name: TwnObj_Village_HatenoBridgeWoodSmall_A_01
profile: MapConstPassive
sortKey: -3
yLimitAlgorithm: NoLimit
