aabbMax:
  X: 4.802979946136475
  Y: 3.2445099353790283
  Z: 17.711599349975586
aabbMin:
  X: -8.271550178527832
  Y: -3.150019884109497
  Z: -0.820999026298523
bfres: TwnObj_City_Gerudo_A
boundingForTraverse: 6.394529819488525
bugMask: 0
cursorOffsetY: 0.5
instSize: 113336
mainModel: TwnObj_City_GerudoInside_A_04
name: TwnObj_City_GerudoInside_A_04
profile: MapConstPassive
sortKey: 26
yLimitAlgorithm: NoLimit
