aabbMax:
  X: 0.2278130054473877
  Y: 2.276949882507324
  Z: 0.17477400600910187
aabbMin:
  X: -0.19048500061035156
  Y: -0.3219450116157532
  Z: -0.19086900353431702
bfres: TwnObj_Village_Fishing_A
boundingForTraverse: 2.5988950729370117
bugMask: 0
cursorOffsetY: 0.5
instSize: 38236
mainModel: TwnObj_Village_FishingTorchPole_A_01
name: TwnObj_Village_FishingTorchPole_A_01
profile: MapConstPassive
sortKey: -7
yLimitAlgorithm: NoLimit
