aabbMax:
  X: 21.09830093383789
  Y: 11.921799659729004
  Z: 21.640300750732422
aabbMin:
  X: -21.46190071105957
  Y: -2.2979300022125244
  Z: -14.279399871826172
attackPower: 0
bfres: TwnObj_Village_Ichikara_A
boundingForTraverse: 14.21972942352295
bugMask: 0
cursorOffsetY: 0.5
generalLife: 100
instSize: 109264
mainModel: TwnObj_Village_IchikaraHouse_DCRock_A_06
name: TwnObj_Village_IchikaraHouse_DCRock_A_06
profile: MapDynamicPassive
rigidBodyCenterY: 3.387700080871582
sortKey: -1
systemIsGetItemSelf: false
systemSameGroupActorName: ''
yLimitAlgorithm: NoLimit
