aabbMax:
  X: 3.3421900272369385
  Y: 0.6041460037231445
  Z: 4.40818977355957
aabbMin:
  X: -3.434420108795166
  Y: -2.36299991607666
  Z: -4.397819995880127
bfres: TwnObj_StoneBridge_A_Far
boundingForTraverse: 2.9671459197998047
bugMask: 0
cursorOffsetY: 0.5
instSize: 17140
mainModel: TwnObj_StoneBridge_A_01_Far
name: TwnObj_StoneBridge_A_01_Far
profile: MapConstPassive
sortKey: 0
tags:
  tag57fd54ce: 1476220110
traverseDist: 1000.0
yLimitAlgorithm: NoLimit
