aabbMax:
  X: 0.0032730000093579292
  Y: 13.271699905395508
  Z: 62.70859909057617
aabbMin:
  X: -75.08499908447266
  Y: 0.0
  Z: -10.911199569702148
bfres: TwnObj_TempleOfTime_A
boundingForTraverse: 13.271699905395508
bugMask: 0
cursorOffsetY: 0.5
instSize: 18292
isHasFar: true
mainModel: TwnObj_TempleOfTime_GrandStairStep_A_01
name: TwnObj_TempleOfTime_GrandStairStep_A_01
profile: MapConstPassive
sortKey: 3
traverseDist: 605.1575927734375
yLimitAlgorithm: NoLimit
