aabbMax:
  X: 0.5804179906845093
  Y: 0.11177399754524231
  Z: 0.49519699811935425
aabbMin:
  X: -0.4272040128707886
  Y: -1.7282299995422363
  Z: -0.5505059957504272
bfres: TwnObj_City_Goron_A
boundingForTraverse: 1.8400039672851562
bugMask: 0
cursorOffsetY: 0.5
instSize: 60516
mainModel: TwnObj_City_GoronLight_A_02
name: TwnObj_City_GoronLight_A_02
profile: MapConstPassive
sortKey: 15
yLimitAlgorithm: NoLimit
