aabbMax:
  X: 20.00790023803711
  Y: 13.849900245666504
  Z: 3.799139976501465
aabbMin:
  X: -0.23122400045394897
  Y: -1.9060300588607788
  Z: -3.834709882736206
bfres: TwnObj_HyruleCastleWall_A_Far
boundingForTraverse: 15.755929946899414
bugMask: 0
cursorOffsetY: 0.5
instSize: 17140
mainModel: TwnObj_HyruleCastleWallParts_A_03_Far
name: TwnObj_HyruleCastleWallParts_A_03_Far
profile: MapConstPassive
sortKey: 0
tags:
  tag03528579: 55739769
  tag57fd54ce: 1476220110
  taga1c9da5d: !u 0xa1c9da5d
traverseDist: 3000.0
yLimitAlgorithm: NoLimit
