aabbMax:
  X: 0.19400499761104584
  Y: 1.6727499961853027
  Z: 0.2724669873714447
aabbMin:
  X: -6.623600006103516
  Y: -0.40389201045036316
  Z: -0.25722700357437134
bfres: TwnObj_Village_Hateno_A
boundingForTraverse: 2.0766420364379883
bugMask: 0
cursorOffsetY: 0.5
instSize: 17396
mainModel: TwnObj_Village_HatenoFence_A_06
name: TwnObj_Village_HatenoFence_A_06
profile: MapConstPassive
sortKey: -21
traverseDist: 200.0
yLimitAlgorithm: NoLimit
