aabbMax:
  X: 0.7654280066490173
  Y: 2.3122000694274902
  Z: 0.5728669762611389
aabbMin:
  X: -0.774308979511261
  Y: 0.0
  Z: -0.5946710109710693
bfres: TwnObj_GoddesStatue_A_01
boundingForTraverse: 2.3122000694274902
bugMask: 0
cursorOffsetY: 1.100000023841858
instSize: 17396
lookAtOffsetY: 0.800000011920929
mainModel: TwnObj_GoddesStatue_A_03
name: TwnObj_GoddesStatue_A_03
profile: MapConstPassive
sortKey: 0
yLimitAlgorithm: NoLimit
