aabbMax:
  X: 3.7144899368286133
  Y: 2.9989099502563477
  Z: 2.766319990158081
aabbMin:
  X: -2.1273999214172363
  Y: -0.2752070128917694
  Z: -2.855600118637085
bfres: TwnObj_HyruleCityWoodRuin_A
boundingForTraverse: 3.2741169929504395
bugMask: 0
cursorOffsetY: 0.5
instSize: 52096
mainModel: TwnObj_HyruleCityWoodRuinDebris_A_03
name: TwnObj_HyruleCityWoodRuinDebris_A_03
profile: MapConstPassive
sortKey: 0
yLimitAlgorithm: NoLimit
