aabbMax:
  X: 7.06866979598999
  Y: 1.5476399660110474
  Z: 4.158689975738525
aabbMin:
  X: -3.185800075531006
  Y: -1.063770055770874
  Z: -0.7346540093421936
bfres: TwnObj_Village_IchikaraFurniture_A
boundingForTraverse: 2.611409902572632
bugMask: 0
cursorOffsetY: 0.5
instSize: 90224
mainModel: TwnObj_Village_IchikaraCounter_A_01
name: TwnObj_Village_IchikaraCounter_A_01
profile: MapConstPassive
sortKey: 6
yLimitAlgorithm: NoLimit
