aabbMax:
  X: 80.43509674072266
  Y: 34.99580001831055
  Z: 109.67400360107422
aabbMin:
  X: -81.0447006225586
  Y: -35.35110092163086
  Z: -109.76499938964844
bfres: TwnObj_HyruleCastleGround_A_Far
boundingForTraverse: 70.3469009399414
bugMask: 0
cursorOffsetY: 0.5
instSize: 17812
mainModel: TwnObj_HyruleCastleGround_Culling_A_03_Far
name: TwnObj_HyruleCastleGround_Culling_A_03_Far
profile: MapConstPassive
sortKey: 0
tags:
  tag03528579: 55739769
  tag572de768: 1462626152
  tag57fd54ce: 1476220110
  tag84f40ec6: !u 0x84f40ec6
  taga1c9da5d: !u 0xa1c9da5d
traverseDist: 5000.0
yLimitAlgorithm: NoLimit
