aabbMax:
  X: 32.64189910888672
  Y: 17.453399658203125
  Z: 37.39670181274414
aabbMin:
  X: -26.390499114990234
  Y: -9.390600204467773
  Z: -37.31529998779297
bfres: TwnObj_TempleOfTime_A_Far
boundingForTraverse: 26.8439998626709
bugMask: 0
cursorOffsetY: 0.5
instSize: 17140
mainModel: TwnObj_TempleOfTime_GrandStair_A_01_Far
name: TwnObj_TempleOfTime_GrandStair_A_01_Far
profile: MapConstPassive
sortKey: 0
tags:
  tag57fd54ce: 1476220110
yLimitAlgorithm: NoLimit
