aabbMax:
  X: 3.6972100734710693
  Y: 8.110090255737305
  Z: 0.031318001449108124
aabbMin:
  X: -3.6972100734710693
  Y: -0.24039900302886963
  Z: -7.839250087738037
bfres: TwnObj_AncientReactor_A
boundingForTraverse: 8.350489616394043
bugMask: 0
cursorOffsetY: 0.5
instSize: 52128
isHasFar: true
mainModel: TwnObj_AncientReactor_A_01
name: TwnObj_AncientReactor_A_01
profile: MapConstPassive
sortKey: 4
traverseDist: 510.7992248535156
yLimitAlgorithm: NoLimit
