aabbMax:
  X: 15.711000442504883
  Y: 23.670799255371094
  Z: 28.90690040588379
aabbMin:
  X: -15.711000442504883
  Y: -9.135259628295898
  Z: -16.421499252319336
bfres: TwnObj_Village_Sheiker_A
boundingForTraverse: 32.806060791015625
bugMask: 0
instSize: 358516
mainModel: TwnObj_Village_SheikerMayorHouse_A_01
name: TwnObj_Village_SheikerMayorHouse_A_01
profile: MapConstPassive
sortKey: 0
traverseDist: 300.0
yLimitAlgorithm: NoLimit
