aabbMax:
  X: 84.75180053710938
  Y: 39.56529998779297
  Z: 65.29650115966797
aabbMin:
  X: -84.3021011352539
  Y: -39.79100036621094
  Z: -65.35469818115234
bfres: TwnObj_HyruleCastleGround_A_Far
boundingForTraverse: 79.3563003540039
bugMask: 0
cursorOffsetY: 0.5
instSize: 18068
mainModel: TwnObj_HyruleCastleGround_Culling_A_15_Far
name: TwnObj_HyruleCastleGround_Culling_A_15_Far
profile: MapConstPassive
sortKey: 0
tags:
  tag03528579: 55739769
  tag572de768: 1462626152
  tag57fd54ce: 1476220110
  tag84f40ec6: !u 0x84f40ec6
  taga1c9da5d: !u 0xa1c9da5d
traverseDist: 5000.0
yLimitAlgorithm: NoLimit
