aabbMax:
  X: 6.650750160217285
  Y: 0.579226016998291
  Z: 3.813199996948242
aabbMin:
  X: -6.564430236816406
  Y: -17.70159912109375
  Z: -1.6052000522613525
bfres: TwnObj_Village_Sheiker_A_Far
boundingForTraverse: 18.280824661254883
bugMask: 0
cursorOffsetY: 0.5
instSize: 17140
mainModel: TwnObj_Village_SheikerCliff_A_02_Far
name: TwnObj_Village_SheikerCliff_A_02_Far
profile: MapConstPassive
sortKey: 0
tags:
  tag57fd54ce: 1476220110
yLimitAlgorithm: NoLimit
