aabbMax:
  X: 114.44300079345703
  Y: 59.61389923095703
  Z: 69.6417007446289
aabbMin:
  X: -114.41400146484375
  Y: -59.132198333740234
  Z: -69.39450073242188
bfres: TwnObj_HyruleCastleGround_A_Far
boundingForTraverse: 118.74609375
bugMask: 0
cursorOffsetY: 0.5
instSize: 17812
mainModel: TwnObj_HyruleCastleGround_Culling_A_13_Far
name: TwnObj_HyruleCastleGround_Culling_A_13_Far
profile: MapConstPassive
sortKey: 0
tags:
  tag03528579: 55739769
  tag572de768: 1462626152
  tag57fd54ce: 1476220110
  tag84f40ec6: !u 0x84f40ec6
  taga1c9da5d: !u 0xa1c9da5d
traverseDist: 5000.0
yLimitAlgorithm: NoLimit
