aabbMax:
  X: 8.00586986541748
  Y: 15.455599784851074
  Z: 2.2248599529266357
aabbMin:
  X: -6.160799980163574
  Y: 0.14539800584316254
  Z: -9.536870002746582
bfres: TwnObj_Village_Hateno_A_Far
boundingForTraverse: 15.310201644897461
bugMask: 0
cursorOffsetY: 0.5
instSize: 144324
mainModel: TwnObj_Village_HatenoSakuradaHouse_A_03_Far
name: TwnObj_Village_HatenoSakuradaHouse_A_03_Far
profile: MapConstPassive
sortKey: 0
tags:
  tag57fd54ce: 1476220110
traverseDist: 1000.0
yLimitAlgorithm: NoLimit
