aabbMax:
  X: 30.81570053100586
  Y: 60.02349853515625
  Z: 4.23390007019043
aabbMin:
  X: -30.37689971923828
  Y: -1.1322200298309326
  Z: -17.940500259399414
bfres: TwnObj_TempleOfTime_B_Far
boundingForTraverse: 61.15571975708008
bugMask: 0
cursorOffsetY: 0.5
instSize: 18068
mainModel: TwnObj_TempleOfTime_Wall_B_03_Far
name: TwnObj_TempleOfTime_Wall_B_03_Far
profile: MapConstPassive
sortKey: 4
traverseDist: 8000.0
yLimitAlgorithm: NoLimit
