aabbMax:
  X: 0.8778979778289795
  Y: 3.4773900508880615
  Z: 0.6833530068397522
aabbMin:
  X: -0.8738170266151428
  Y: 0.0
  Z: -0.6723020076751709
bfres: TwnObj_Village_Ichikara_A
boundingForTraverse: 3.4773900508880615
bugMask: 0
cursorOffsetY: 0.5
instSize: 48832
mainModel: TwnObj_Village_IchikaraHotelSign_A_01
name: TwnObj_Village_IchikaraHotelSign_A_01
profile: MapConstPassive
sortKey: -7
yLimitAlgorithm: NoLimit
