aabbMax:
  X: 0.7452089786529541
  Y: 2.46737003326416
  Z: 0.6278939843177795
aabbMin:
  X: -0.9255049824714661
  Y: -0.0016280000563710928
  Z: -0.6210389733314514
bfres: TwnObj_Village_Hateno_A
boundingForTraverse: 2.4689979553222656
bugMask: 0
cursorOffsetY: 0.5
instSize: 17396
isHasFar: true
mainModel: TwnObj_Village_HatenoRock_A_02
name: TwnObj_Village_HatenoRock_A_02
profile: MapConstPassive
sortKey: -19
traverseDist: 502.0859375
yLimitAlgorithm: NoLimit
