aabbMax:
  X: 122.81900024414062
  Y: 72.260498046875
  Z: 114.62699890136719
aabbMin:
  X: -122.81900024414062
  Y: -1.477220058441162
  Z: -126.57599639892578
bfres: TwnObj_Village_Zora_A_Far
boundingForTraverse: 73.73771667480469
bugMask: 0
cursorOffsetY: 0.5
instSize: 206196
mainModel: TwnObj_Village_ZoraBailey_A_01_Far
name: TwnObj_Village_ZoraBailey_A_01_Far
profile: MapConstPassive
sortKey: 0
tags:
  tag57fd54ce: 1476220110
traverseDist: 2000.0
yLimitAlgorithm: NoLimit
