aabbMax:
  X: 8.01449966430664
  Y: 10.0556001663208
  Z: 1.9721800088882446
aabbMin:
  X: -3.761929988861084
  Y: 0.14539800584316254
  Z: -9.542929649353027
bfres: TwnObj_Village_Hateno_A
boundingForTraverse: 9.910202026367188
bugMask: 0
cursorOffsetY: 0.5
instSize: 173484
isHasFar: true
mainModel: TwnObj_Village_HatenoSakuradaHouse_A_02
name: TwnObj_Village_HatenoSakuradaHouse_A_02
profile: MapConstPassive
sortKey: 14
traverseDist: 516.4706420898438
yLimitAlgorithm: NoLimit
