aabbMax:
  X: 1.9871400594711304
  Y: 0.9551960229873657
  Z: 0.7025589942932129
aabbMin:
  X: -2.0083000659942627
  Y: -0.08342199772596359
  Z: -0.7340490221977234
bfres: TwnObj_StableHostel_A
boundingForTraverse: 1.0386179685592651
bugMask: 0
cursorOffsetY: 0.5
instSize: 59108
mainModel: TwnObj_StableHostelFeed_A_01
name: TwnObj_StableHostelFeed_A_01
profile: MapConstPassive
sortKey: 0
yLimitAlgorithm: NoLimit
