aabbMax:
  X: 26.576400756835938
  Y: 18.607999801635742
  Z: 26.968799591064453
aabbMin:
  X: -26.577999114990234
  Y: -12.465100288391113
  Z: -25.563499450683594
bfres: TwnObj_Village_Zora_A_Far
boundingForTraverse: 31.073101043701172
bugMask: 0
cursorOffsetY: 0.5
elink: TwnObj_Village_ZoraRoyalRoom_A_01
instSize: 204076
mainModel: TwnObj_Village_ZoraRoyalRoom_A_01_Far
name: TwnObj_Village_ZoraRoyalRoom_A_01_Far
profile: MapConstPassive
sortKey: 0
tags:
  tag572de768: 1462626152
  tag57fd54ce: 1476220110
traverseDist: 1000.0
yLimitAlgorithm: NoLimit
