aabbMax:
  X: 1.3671000003814697
  Y: 15.482399940490723
  Z: 4.671969890594482
aabbMin:
  X: -1.367050051689148
  Y: -1.9083900451660156
  Z: -4.718760013580322
bfres: TwnObj_HyruleCastleWall_A_Far
boundingForTraverse: 17.390789031982422
bugMask: 0
cursorOffsetY: 0.5
instSize: 17140
mainModel: TwnObj_HyruleCastleWallPartsEnd_A_01_Far
name: TwnObj_HyruleCastleWallPartsEnd_A_01_Far
profile: MapConstPassive
sortKey: 0
tags:
  tag03528579: 55739769
  tag57fd54ce: 1476220110
  taga1c9da5d: !u 0xa1c9da5d
traverseDist: 3000.0
yLimitAlgorithm: NoLimit
