aabbMax:
  X: 0.46271800994873047
  Y: 0.5584520101547241
  Z: 0.38593700528144836
aabbMin:
  X: -0.46639400720596313
  Y: -0.003375000087544322
  Z: -0.39642301201820374
bfres: TwnObj_Village_IchikaraFurniture_A
boundingForTraverse: 0.5618270039558411
bugMask: 0
cursorOffsetY: 0.5
instSize: 38172
mainModel: TwnObj_Village_IchikaraChair_A_01
name: TwnObj_Village_IchikaraChair_A_01
profile: MapConstPassive
sortKey: 7
yLimitAlgorithm: NoLimit
