aabbMax:
  X: 7.2598700523376465
  Y: 14.477999687194824
  Z: 10.077799797058105
aabbMin:
  X: -6.99960994720459
  Y: -0.05375999957323074
  Z: -10.685700416564941
bfres: TwnObj_Village_Hateno_A_Far
boundingForTraverse: 14.531760215759277
bugMask: 0
instSize: 141892
mainModel: TwnObj_Village_HatenoHouse_A_S_01_Far
name: TwnObj_Village_HatenoHouse_A_S_01_Far
profile: MapConstPassive
sortKey: 0
tags:
  tag57fd54ce: 1476220110
traverseDist: 2000.0
yLimitAlgorithm: NoLimit
