aabbMax:
  X: 51.57469940185547
  Y: 57.13999938964844
  Z: 21.848499298095703
aabbMin:
  X: -51.63019943237305
  Y: 45.7672004699707
  Z: -54.02920150756836
bfres: TwnObj_Village_Zora_A_Far
boundingForTraverse: 11.372798919677734
bugMask: 0
cursorOffsetY: 0.5
instSize: 17508
mainModel: TwnObj_Village_ZoraBase_D_01_Far
name: TwnObj_Village_ZoraBase_D_01_Far
profile: MapConstPassive
sortKey: 0
tags:
  tag57fd54ce: 1476220110
traverseDist: 1000.0
yLimitAlgorithm: NoLimit
