aabbMax:
  X: 12.923100471496582
  Y: 1.794909954071045
  Z: 4.458020210266113
aabbMin:
  X: -11.707500457763672
  Y: -19.18910026550293
  Z: -4.8324198722839355
bfres: TwnObj_City_Goron_A
boundingForTraverse: 20.984010696411133
bugMask: 0
cursorOffsetY: 0.5
instSize: 18548
isHasFar: true
mainModel: TwnObj_City_GoronRock_A_03
name: TwnObj_City_GoronRock_A_03
profile: MapConstPassive
sortKey: -11
traverseDist: 526.324462890625
yLimitAlgorithm: NoLimit
