aabbMax:
  X: 113.27200317382812
  Y: 56.175498962402344
  Z: 55.639801025390625
aabbMin:
  X: -113.4489974975586
  Y: -56.011199951171875
  Z: -118.9990005493164
bfres: TwnObj_HyruleCastleGround_A_Far
boundingForTraverse: 112.18669891357422
bugMask: 0
cursorOffsetY: 0.5
instSize: 17780
mainModel: TwnObj_HyruleCastleGround_Culling_A_09_Far
name: TwnObj_HyruleCastleGround_Culling_A_09_Far
profile: MapConstPassive
sortKey: 0
tags:
  tag03528579: 55739769
  tag572de768: 1462626152
  tag57fd54ce: 1476220110
  tag84f40ec6: !u 0x84f40ec6
  taga1c9da5d: !u 0xa1c9da5d
traverseDist: 5000.0
yLimitAlgorithm: NoLimit
