aabbMax:
  X: 13.275899887084961
  Y: 18.798500061035156
  Z: 11.834500312805176
aabbMin:
  X: -13.275899887084961
  Y: -2.7141900062561035
  Z: -7.330230236053467
bfres: TwnObj_Village_Sheiker_A
boundingForTraverse: 21.5126895904541
bugMask: 0
instSize: 348816
mainModel: TwnObj_Village_SheikerHotel_A_01
name: TwnObj_Village_SheikerHotel_A_01
profile: MapConstPassive
sortKey: -3
traverseDist: 300.0
yLimitAlgorithm: NoLimit
