aabbMax:
  X: 22.731199264526367
  Y: 3.9154999256134033
  Z: 6.0584797859191895
aabbMin:
  X: -23.021099090576172
  Y: -20.41939926147461
  Z: -6.056469917297363
bfres: TwnObj_RuinedTown_A_Far
boundingForTraverse: 24.33489990234375
bugMask: 0
instSize: 17780
mainModel: TwnObj_RuinedTownBrokenBridge_A_01_Far
name: TwnObj_RuinedTownBrokenBridge_A_01_Far
profile: MapConstPassive
sortKey: 0
tags:
  tag57fd54ce: 1476220110
traverseDist: 1000.0
yLimitAlgorithm: NoLimit
