aabbMax:
  X: 15.567899703979492
  Y: 30.517799377441406
  Z: 17.782800674438477
aabbMin:
  X: -15.420900344848633
  Y: -1.140720009803772
  Z: -19.99650001525879
bfres: TwnObj_GoronStorage_A
boundingForTraverse: 31.658519744873047
bugMask: 0
cursorOffsetY: 0.5
instSize: 155304
mainModel: TwnObj_GoronStorage_A_01
name: TwnObj_GoronStorage_A_01
profile: MapConstPassive
sortKey: 0
traverseDist: 500.0
yLimitAlgorithm: NoLimit
