aabbMax:
  X: 7.970200061798096
  Y: 0.8169069886207581
  Z: 4.744259834289551
aabbMin:
  X: -7.145309925079346
  Y: -16.329700469970703
  Z: -1.6754200458526611
bfres: TwnObj_City_Goron_A
boundingForTraverse: 17.146608352661133
bugMask: 0
cursorOffsetY: 0.5
instSize: 18548
isHasFar: true
mainModel: TwnObj_City_GoronRock_A_02
name: TwnObj_City_GoronRock_A_02
profile: MapConstPassive
sortKey: -13
traverseDist: 516.4222412109375
yLimitAlgorithm: NoLimit
