aabbMax:
  X: 0.3666360080242157
  Y: 1.0191700458526611
  Z: 0.4672749936580658
aabbMin:
  X: -0.3666360080242157
  Y: 0.0
  Z: -0.47727400064468384
bfres: TwnObj_City_GerudoFurniture_A
boundingForTraverse: 1.0191700458526611
bugMask: 0
cursorOffsetY: 0.5
instSize: 58852
mainModel: TwnObj_GerudoAudienceRoomPedestal_A_01
name: TwnObj_GerudoAudienceRoomPedestal_A_01
profile: MapConstPassive
sortKey: 2
yLimitAlgorithm: NoLimit
