aabbMax:
  X: 2.3326499462127686
  Y: 1.2867100238800049
  Z: 1.598330020904541
aabbMin:
  X: -2.9509599208831787
  Y: -0.2540369927883148
  Z: -1.8191200494766235
bfres: TwnObj_City_GoronFurniture_A
boundingForTraverse: 1.540747046470642
bugMask: 0
cursorOffsetY: 0.5
instSize: 38044
mainModel: TwnObj_City_GoronTable_A_02
name: TwnObj_City_GoronTable_A_02
profile: MapConstPassive
sortKey: -1
yLimitAlgorithm: NoLimit
