aabbMax:
  X: 0.7675819993019104
  Y: 1.1670199632644653
  Z: 0.5201680064201355
aabbMin:
  X: -0.7675819993019104
  Y: 0.0
  Z: -0.5201669931411743
bfres: TwnObj_Village_Fishing_A
boundingForTraverse: 1.1670199632644653
bugMask: 0
cursorOffsetY: 0.5
instSize: 27608
mainModel: TwnObj_Village_FishingWoodGard_A_01
name: TwnObj_Village_FishingWoodGard_A_01
profile: MapConstPassive
sortKey: 0
yLimitAlgorithm: NoLimit
