aabbMax:
  X: 0.3803820013999939
  Y: 0.5697479844093323
  Z: 0.3803820013999939
aabbMin:
  X: -0.3803820013999939
  Y: -0.9153910279273987
  Z: -0.3803820013999939
attackPower: 0
bfres: TwnObj_AncientReactor_A
boundingForTraverse: 1.485139012336731
bugMask: 3
cursorOffsetY: 1.0
generalLife: 100
instSize: 33312
lookAtOffsetY: 0.699999988079071
mainModel: TwnObj_AncientReactorCore_A_01
name: TwnObj_AncientReactorCore_A_01
profile: MapDynamicPassive
rigidBodyCenterY: -0.058685000985860825
slink: CandleGround
sortKey: 1
systemIsGetItemSelf: false
systemSameGroupActorName: ''
tags:
  tag1f5e3abd: 526269117
  tag28a3a540: 681813312
  tag6308f367: 1661530983
traverseDist: 500.0
yLimitAlgorithm: NoLimit
