aabbMax:
  X: 21.153400421142578
  Y: 9.922419548034668
  Z: 32.785400390625
aabbMin:
  X: -30.357099533081055
  Y: -0.684686005115509
  Z: -73.55690002441406
bfres: TwnObj_FirstHighlandRuin_A_Far
boundingForTraverse: 10.607105255126953
bugMask: 0
cursorOffsetY: 0.5
instSize: 17140
mainModel: TwnObj_FirstHighlandRuin_A_02_Far
name: TwnObj_FirstHighlandRuin_A_02_Far
profile: MapConstPassive
sortKey: 0
tags:
  tag57fd54ce: 1476220110
traverseDist: 1000.0
yLimitAlgorithm: NoLimit
