aabbMax:
  X: 0.5449429750442505
  Y: 0.5294049978256226
  Z: 3.16336989402771
aabbMin:
  X: -0.5391700267791748
  Y: -0.037071000784635544
  Z: -1.0912699699401855
bfres: TwnObj_City_Goron_A
boundingForTraverse: 0.5664759874343872
bugMask: 0
cursorOffsetY: 0.5
instSize: 17396
mainModel: TwnObj_City_GoronSmithWorkbench_A_01
name: TwnObj_City_GoronSmithWorkbench_A_01
profile: MapConstPassive
sortKey: 1
yLimitAlgorithm: NoLimit
