aabbMax:
  X: 5.702010154724121
  Y: 10.793499946594238
  Z: 1.384909987449646
aabbMin:
  X: -5.802450180053711
  Y: -0.005357000045478344
  Z: -1.2194000482559204
bfres: TwnObj_Village_Zora_A_Far
boundingForTraverse: 10.798856735229492
bugMask: 0
cursorOffsetY: 0.5
instSize: 31384
mainModel: TwnObj_Village_ZoraBridge_A_02_Far
name: TwnObj_Village_ZoraBridge_A_02_Far
profile: MapConstPassive
sortKey: 0
tags:
  tag57fd54ce: 1476220110
traverseDist: 2000.0
yLimitAlgorithm: NoLimit
