aabbMax:
  X: 1.263700008392334
  Y: 1.2010300159454346
  Z: 4.332489967346191
aabbMin:
  X: -1.2140799760818481
  Y: -3.7637200355529785
  Z: -4.299630165100098
bfres: TwnObj_Village_Sheiker_A
boundingForTraverse: 4.964749813079834
bugMask: 0
cursorOffsetY: 0.5
instSize: 48256
mainModel: TwnObj_Village_SheikerBridgeWood_A_03
name: TwnObj_Village_SheikerBridgeWood_A_03
profile: MapConstPassive
sortKey: -4
yLimitAlgorithm: NoLimit
