aabbMax:
  X: 10.93179988861084
  Y: 14.225099563598633
  Z: 4.342750072479248
aabbMin:
  X: -0.9504129886627197
  Y: -1.6994500160217285
  Z: -4.322780132293701
bfres: TwnObj_HyruleCastleWall_A_Far
boundingForTraverse: 15.924549102783203
bugMask: 0
cursorOffsetY: 0.5
instSize: 17140
mainModel: TwnObj_HyruleCastleWallParts_D_01_Far
name: TwnObj_HyruleCastleWallParts_D_01_Far
profile: MapConstPassive
sortKey: 0
tags:
  tag03528579: 55739769
  tag57fd54ce: 1476220110
  taga1c9da5d: !u 0xa1c9da5d
traverseDist: 3000.0
yLimitAlgorithm: NoLimit
