aabbMax:
  X: 2.884500026702881
  Y: 5.173759937286377
  Z: 0.1632619947195053
aabbMin:
  X: -2.925869941711426
  Y: 4.491270065307617
  Z: -0.20149199664592743
bfres: TwnObj_Village_Rito_A
boundingForTraverse: 0.6824899911880493
bugMask: 0
cursorOffsetY: 0.5
instSize: 37788
mainModel: TwnObj_Village_RitoGate_A_03
name: TwnObj_Village_RitoGate_A_03
profile: MapConstPassive
sortKey: 14
yLimitAlgorithm: NoLimit
