aabbMax:
  X: 3.3175899982452393
  Y: 5.1845197677612305
  Z: 1.7278000116348267
aabbMin:
  X: -3.3175899982452393
  Y: -0.3499999940395355
  Z: -1.8024499416351318
bfres: TwnObj_Village_Sheiker_A
boundingForTraverse: 5.534520149230957
bugMask: 0
cursorOffsetY: 0.5
instSize: 166188
mainModel: TwnObj_Village_SheikerMayorHouseGate_A_01
name: TwnObj_Village_SheikerMayorHouseGate_A_01
profile: MapConstPassive
sortKey: 0
traverseDist: 300.0
yLimitAlgorithm: NoLimit
