aabbMax:
  X: 41.184200286865234
  Y: 91.78829956054688
  Z: 84.87300109863281
aabbMin:
  X: -42.72869873046875
  Y: 10.291999816894531
  Z: -20.235200881958008
bfres: TwnObj_City_GoronStatue_A_Far
boundingForTraverse: 81.49629974365234
bugMask: 0
cursorOffsetY: 0.5
instSize: 17140
mainModel: TwnObj_City_GoronStatue_A_01_Far
name: TwnObj_City_GoronStatue_A_01_Far
profile: MapConstPassive
sortKey: 0
tags:
  tag3c39db92: 1010424722
  tag57fd54ce: 1476220110
traverseDist: 1000.0
yLimitAlgorithm: NoLimit
