aabbMax:
  X: 5.8937602043151855
  Y: 5.348080158233643
  Z: 7.402480125427246
aabbMin:
  X: -5.8937602043151855
  Y: -24.01460075378418
  Z: -7.456160068511963
bfres: TwnObj_Village_Rito_A_Far
boundingForTraverse: 29.362680435180664
bugMask: 0
instSize: 154344
mainModel: TwnObj_Village_RitoTailor_A_01_Far
name: TwnObj_Village_RitoTailor_A_01_Far
profile: MapConstPassive
sortKey: 0
tags:
  tag57fd54ce: 1476220110
traverseDist: 3000.0
yLimitAlgorithm: NoLimit
