aabbMax:
  X: 7.537740230560303
  Y: 5.385079860687256
  Z: 8.46187973022461
aabbMin:
  X: -7.660580158233643
  Y: -0.737030029296875
  Z: -3.4672300815582275
bfres: TwnObj_Village_Hateno_A_Far
boundingForTraverse: 6.122109889984131
bugMask: 0
cursorOffsetY: 0.5
instSize: 16884
mainModel: TwnObj_Village_HatenoKitchen_A_01_Far
name: TwnObj_Village_HatenoKitchen_A_01_Far
profile: MapConstPassive
sortKey: 0
tags:
  tag57fd54ce: 1476220110
traverseDist: 2000.0
yLimitAlgorithm: NoLimit
