aabbMax:
  X: 30.369300842285156
  Y: 19.57659912109375
  Z: 3.740950107574463
aabbMin:
  X: -0.46302199363708496
  Y: -1.625059962272644
  Z: -11.7076997756958
bfres: TwnObj_HyruleCastleWall_A_Far
boundingForTraverse: 21.201658248901367
bugMask: 0
cursorOffsetY: 0.5
instSize: 17140
mainModel: TwnObj_HyruleCastleWallConnect_G_01_Far
name: TwnObj_HyruleCastleWallConnect_G_01_Far
profile: MapConstPassive
sortKey: 0
tags:
  tag03528579: 55739769
  tag57fd54ce: 1476220110
  taga1c9da5d: !u 0xa1c9da5d
traverseDist: 3000.0
yLimitAlgorithm: NoLimit
