aabbMax:
  X: 18.53580093383789
  Y: 20.98390007019043
  Z: 17.467199325561523
aabbMin:
  X: -12.301600456237793
  Y: -4.648600101470947
  Z: -11.572799682617188
bfres: TwnObj_Village_Hateno_A_Far
boundingForTraverse: 25.63249969482422
bugMask: 0
instSize: 269396
mainModel: TwnObj_Village_HatenoHouse_A_L_01_Far
name: TwnObj_Village_HatenoHouse_A_L_01_Far
profile: MapConstPassive
sortKey: 0
tags:
  tag57fd54ce: 1476220110
traverseDist: 2000.0
yLimitAlgorithm: NoLimit
