aabbMax:
  X: 5.515480041503906
  Y: 9.519410133361816
  Z: 2.1321299076080322
aabbMin:
  X: -5.9574198722839355
  Y: -0.8586909770965576
  Z: -7.5125298500061035
bfres: TwnObj_TempleOfTime_B
boundingForTraverse: 10.378101348876953
bugMask: 0
cursorOffsetY: 0.5
instSize: 79372
mainModel: TwnObj_TempleOfTime_Gate_B_03
name: TwnObj_TempleOfTime_Gate_B_03
profile: MapConstPassive
sortKey: -21
traverseDist: 500.0
yLimitAlgorithm: NoLimit
