aabbMax:
  X: 0.3014169931411743
  Y: 1.788349986076355
  Z: 0.39924800395965576
aabbMin:
  X: -0.26305198669433594
  Y: 0.0
  Z: -0.24197599291801453
bfres: TwnObj_City_GoronFurniture_A
boundingForTraverse: 1.788349986076355
bugMask: 0
cursorOffsetY: 0.5
instSize: 48256
mainModel: TwnObj_City_GoronFlowerBase_A_02
name: TwnObj_City_GoronFlowerBase_A_02
profile: MapConstPassive
sortKey: 0
yLimitAlgorithm: NoLimit
