aabbMax:
  X: 10.871899604797363
  Y: 15.815699577331543
  Z: 7.7358598709106445
aabbMin:
  X: -12.225799560546875
  Y: -1.6693799495697021
  Z: -15.578700065612793
bfres: TwnObj_City_Goron_A
boundingForTraverse: 17.485078811645508
bugMask: 0
instSize: 174568
mainModel: TwnObj_City_GoronTailor_A_01
name: TwnObj_City_GoronTailor_A_01
profile: MapConstPassive
sortKey: -10
traverseDist: 300.0
yLimitAlgorithm: NoLimit
