aabbMax:
  X: 0.3614319860935211
  Y: 0.6663830280303955
  Z: 0.2712540030479431
aabbMin:
  X: -0.257625013589859
  Y: 0.0
  Z: -0.27913200855255127
bfres: TwnObj_Village_RitoFurniture_A
boundingForTraverse: 0.6663830280303955
bugMask: 0
cursorOffsetY: 0.5
instSize: 17140
mainModel: TwnObj_Village_RitoChair_A_01
name: TwnObj_Village_RitoChair_A_01
profile: MapConstPassive
sortKey: -9
yLimitAlgorithm: NoLimit
