aabbMax:
  X: 8.538490295410156
  Y: 21.39109992980957
  Z: 13.518899917602539
aabbMin:
  X: -8.538490295410156
  Y: -1.2768399715423584
  Z: -10.74899959564209
bfres: TwnObj_Village_Sheiker_A
boundingForTraverse: 22.667940139770508
bugMask: 0
instSize: 324584
mainModel: TwnObj_Village_SheikerTailor_A_01
name: TwnObj_Village_SheikerTailor_A_01
profile: MapConstPassive
sortKey: -2
traverseDist: 300.0
yLimitAlgorithm: NoLimit
