aabbMax:
  X: 105.61000061035156
  Y: 30.30430030822754
  Z: 112.02999877929688
aabbMin:
  X: -104.54199981689453
  Y: -30.792299270629883
  Z: -83.16210174560547
bfres: TwnObj_HyruleCastleGround_A_Far
boundingForTraverse: 61.09659957885742
bugMask: 0
cursorOffsetY: 0.5
instSize: 17780
mainModel: TwnObj_HyruleCastleGround_Culling_A_04_Far
name: TwnObj_HyruleCastleGround_Culling_A_04_Far
profile: MapConstPassive
sortKey: 0
tags:
  tag03528579: 55739769
  tag572de768: 1462626152
  tag57fd54ce: 1476220110
  tag84f40ec6: !u 0x84f40ec6
  taga1c9da5d: !u 0xa1c9da5d
traverseDist: 5000.0
yLimitAlgorithm: NoLimit
