aabbMax:
  X: 0.27727699279785156
  Y: 0.4942210018634796
  Z: 0.27727600932121277
aabbMin:
  X: -0.27727699279785156
  Y: 0.0
  Z: -0.27727699279785156
bfres: TwnObj_City_GerudoFurniture_A
boundingForTraverse: 0.4942210018634796
bugMask: 0
cursorOffsetY: 0.5
instSize: 17972
mainModel: TwnObj_Gerudo_Light_A_04
name: TwnObj_Gerudo_Light_A_04
profile: MapConstPassive
sortKey: 0
traverseDist: 150.0
yLimitAlgorithm: NoLimit
