aabbMax:
  X: 0.32622599601745605
  Y: 0.5144450068473816
  Z: 0.37810400128364563
aabbMin:
  X: -0.33551499247550964
  Y: -5.500000042957254e-05
  Z: -0.3003450036048889
bfres: TwnObj_SmallOasis_A
boundingForTraverse: 0.5145000219345093
bugMask: 0
cursorOffsetY: 0.5
instSize: 27608
mainModel: TwnObj_SmallOasisChair_A_01
name: TwnObj_SmallOasisChair_A_01
profile: MapConstPassive
sortKey: 0
yLimitAlgorithm: NoLimit
