aabbMax:
  X: 75.98470306396484
  Y: 63.012901306152344
  Z: 115.08300018310547
aabbMin:
  X: -75.80670166015625
  Y: -63.77170181274414
  Z: -108.17500305175781
bfres: TwnObj_HyruleCastleGround_A_Far
boundingForTraverse: 126.78460693359375
bugMask: 0
cursorOffsetY: 0.5
instSize: 17780
mainModel: TwnObj_HyruleCastleGround_Culling_A_11_Far
name: TwnObj_HyruleCastleGround_Culling_A_11_Far
profile: MapConstPassive
sortKey: 0
tags:
  tag03528579: 55739769
  tag572de768: 1462626152
  tag57fd54ce: 1476220110
  tag84f40ec6: !u 0x84f40ec6
  taga1c9da5d: !u 0xa1c9da5d
traverseDist: 5000.0
yLimitAlgorithm: NoLimit
