aabbMax:
  X: 27.08449935913086
  Y: 36.93040084838867
  Z: 9.572879791259766
aabbMin:
  X: -28.37579917907715
  Y: -27.560400009155273
  Z: -30.227399826049805
bfres: TwnObj_City_Gerudo_A
boundingForTraverse: 64.49079895019531
bugMask: 0
cursorOffsetY: 0.5
instSize: 54852
mainModel: TwnObj_City_GerudoWaterFall_A_01
name: TwnObj_City_GerudoWaterFall_A_01
profile: MapConstPassive
sortKey: 26
yLimitAlgorithm: NoLimit
