aabbMax:
  X: 3.0436699390411377
  Y: 6.0744500160217285
  Z: 0.424252986907959
aabbMin:
  X: -3.075700044631958
  Y: 0.0
  Z: -0.27653399109840393
bfres: TwnObj_Village_Rito_A
boundingForTraverse: 6.0744500160217285
bugMask: 0
cursorOffsetY: 0.5
instSize: 59940
mainModel: TwnObj_Village_RitoGate_A_02
name: TwnObj_Village_RitoGate_A_02
profile: MapConstPassive
sortKey: 13
yLimitAlgorithm: NoLimit
