aabbMax:
  X: 0.19400499761104584
  Y: 1.6727499961853027
  Z: 0.26823100447654724
aabbMin:
  X: -3.4159300327301025
  Y: -0.40389201045036316
  Z: -0.2552329897880554
bfres: TwnObj_Village_Hateno_A
boundingForTraverse: 2.0766420364379883
bugMask: 0
cursorOffsetY: 0.5
instSize: 17396
mainModel: TwnObj_Village_HatenoFence_A_05
name: TwnObj_Village_HatenoFence_A_05
profile: MapConstPassive
sortKey: -22
traverseDist: 200.0
yLimitAlgorithm: NoLimit
