aabbMax:
  X: 36.043701171875
  Y: 20.56730079650879
  Z: 22.511600494384766
aabbMin:
  X: -133.99600219726562
  Y: -20.54840087890625
  Z: -82.37100219726562
bfres: TwnObj_HyruleCastleGround_A_Far
boundingForTraverse: 41.115699768066406
bugMask: 0
cursorOffsetY: 0.5
instSize: 17780
mainModel: TwnObj_HyruleCastleGround_Culling_A_18_Far
name: TwnObj_HyruleCastleGround_Culling_A_18_Far
profile: MapConstPassive
sortKey: 0
tags:
  tag03528579: 55739769
  tag572de768: 1462626152
  tag57fd54ce: 1476220110
  tag84f40ec6: !u 0x84f40ec6
  taga1c9da5d: !u 0xa1c9da5d
traverseDist: 5000.0
yLimitAlgorithm: NoLimit
