aabbMax:
  X: 0.6952430009841919
  Y: 0.7075899839401245
  Z: 2.372760057449341
aabbMin:
  X: -0.705839991569519
  Y: -0.9936000108718872
  Z: -1.19173002243042
bfres: TwnObj_Village_IchikaraFurniture_A
boundingForTraverse: 1.7011899948120117
bugMask: 0
cursorOffsetY: 0.5
instSize: 48512
mainModel: TwnObj_Village_IchikaraPlanter_A_01
name: TwnObj_Village_IchikaraPlanter_A_01
profile: MapConstPassive
sortKey: 12
tags:
  tag03528579: 55739769
yLimitAlgorithm: NoLimit
