aabbMax:
  X: 20.829299926757812
  Y: 10.390800476074219
  Z: 18.755699157714844
aabbMin:
  X: -21.357500076293945
  Y: -1.265239953994751
  Z: -14.979000091552734
attackPower: 0
bfres: TwnObj_Village_Ichikara_A
boundingForTraverse: 11.65604019165039
bugMask: 0
cursorOffsetY: 0.5
generalLife: 100
instSize: 81360
mainModel: TwnObj_Village_IchikaraHouse_DCRock_A_04
name: TwnObj_Village_IchikaraHouse_DCRock_A_04
profile: MapDynamicPassive
rigidBodyCenterY: 3.1909101009368896
sortKey: -1
systemIsGetItemSelf: false
systemSameGroupActorName: ''
yLimitAlgorithm: NoLimit
