aabbMax:
  X: 8.580459594726562
  Y: 22.8710994720459
  Z: 7.958580017089844
aabbMin:
  X: -6.400320053100586
  Y: -0.6196010112762451
  Z: -5.400839805603027
bfres: TwnObj_Village_Hateno_A_Far
boundingForTraverse: 23.490699768066406
bugMask: 0
instSize: 16884
mainModel: TwnObj_Village_HatenoHouse_A_M_03_Far
name: TwnObj_Village_HatenoHouse_A_M_03_Far
profile: MapConstPassive
sortKey: 0
tags:
  tag57fd54ce: 1476220110
traverseDist: 2000.0
yLimitAlgorithm: NoLimit
