aabbMax:
  X: 56.79970169067383
  Y: 48.414798736572266
  Z: 97.43599700927734
aabbMin:
  X: -56.5880012512207
  Y: -48.97359848022461
  Z: -96.35929870605469
bfres: TwnObj_HyruleCastleGround_A_Far
boundingForTraverse: 97.38839721679688
bugMask: 0
cursorOffsetY: 0.5
instSize: 17780
mainModel: TwnObj_HyruleCastleGround_Culling_A_07_Far
name: TwnObj_HyruleCastleGround_Culling_A_07_Far
profile: MapConstPassive
sortKey: 0
tags:
  tag03528579: 55739769
  tag572de768: 1462626152
  tag57fd54ce: 1476220110
  tag84f40ec6: !u 0x84f40ec6
  taga1c9da5d: !u 0xa1c9da5d
traverseDist: 5000.0
yLimitAlgorithm: NoLimit
