aabbMax:
  X: 5.079349994659424
  Y: 14.57390022277832
  Z: 4.394430160522461
aabbMin:
  X: -5.0601701736450195
  Y: -1.6980700492858887
  Z: -3.6215999126434326
bfres: TwnObj_HyruleCastleWall_A_Far
boundingForTraverse: 16.271970748901367
bugMask: 0
cursorOffsetY: 0.5
instSize: 17140
mainModel: TwnObj_HyruleCastleWallConnect_D_02_Far
name: TwnObj_HyruleCastleWallConnect_D_02_Far
profile: MapConstPassive
sortKey: 0
tags:
  tag03528579: 55739769
  tag57fd54ce: 1476220110
  taga1c9da5d: !u 0xa1c9da5d
traverseDist: 3000.0
yLimitAlgorithm: NoLimit
