aabbMax:
  X: 21.255399703979492
  Y: 0.26192501187324524
  Z: 9.492469787597656
aabbMin:
  X: -21.239099502563477
  Y: -30.185400009155273
  Z: -13.540800094604492
bfres: TwnObj_WaterFallHyruleCastleGround_A_Far
boundingForTraverse: 30.447324752807617
bugMask: 0
cursorOffsetY: 0.5
instSize: 17400
mainModel: TwnObj_WaterFallHyruleCastleGround_A_L_01_Far
name: TwnObj_WaterFallHyruleCastleGround_A_L_01_Far
profile: MapConstPassive
sortKey: 0
tags:
  tag572de768: 1462626152
  tag57fd54ce: 1476220110
  tag84f40ec6: !u 0x84f40ec6
traverseDist: 1000.0
yLimitAlgorithm: NoLimit
