aabbMax:
  X: 44.562599182128906
  Y: 18.5841007232666
  Z: 71.739501953125
aabbMin:
  X: -44.617801666259766
  Y: -4.953460216522217
  Z: -71.4635009765625
bfres: TwnObj_TempleOfTime_A_Far
boundingForTraverse: 23.537561416625977
bugMask: 0
cursorOffsetY: 0.5
instSize: 17780
mainModel: TwnObj_TempleOfTime_Base_A_02_Far
name: TwnObj_TempleOfTime_Base_A_02_Far
profile: MapConstPassive
sortKey: 0
tags:
  tag57fd54ce: 1476220110
traverseDist: 1000.0
yLimitAlgorithm: NoLimit
