aabbMax:
  X: 0.05955100059509277
  Y: 0.06781599670648575
  Z: 0.22258800268173218
aabbMin:
  X: -0.05733399838209152
  Y: -0.06734000146389008
  Z: 0.12638600170612335
bfres: Weapon_Sheath_502
boundingForTraverse: 0.13515600562095642
bugMask: 1
cursorOffsetY: 0.5
instSize: 25728
mainModel: Weapon_Sheath_502
name: Weapon_Sheath_502
profile: OptionalWeapon
sortKey: 0
yLimitAlgorithm: NoLimit
