aabbMax:
  X: 0.47495800256729126
  Y: 0.0501520000398159
  Z: 0.08903300017118454
aabbMin:
  X: 0.36824101209640503
  Y: -0.09489499777555466
  Z: -0.08856000006198883
bfres: Weapon_Lsheath_019
boundingForTraverse: 0.14504699409008026
bugMask: 1
cursorOffsetY: 0.5
instSize: 25728
mainModel: Weapon_Lsheath_019
name: Weapon_Lsheath_019
profile: OptionalWeapon
sortKey: 2
yLimitAlgorithm: NoLimit
