aabbMax:
  X: 0.125668004155159
  Y: 0.0330829992890358
  Z: 1.0658700466156006
aabbMin:
  X: -0.125668004155159
  Y: -0.0330829992890358
  Z: 0.14327700436115265
bfres: Weapon_Sheath_027
boundingForTraverse: 0.06616699695587158
bugMask: 1
cursorOffsetY: 0.5
instSize: 25664
mainModel: Weapon_Sheath_027
name: Weapon_Sheath_027
profile: OptionalWeapon
sortKey: 2
yLimitAlgorithm: NoLimit
