aabbMax:
  X: 0.05704199895262718
  Y: 0.04132800176739693
  Z: 0.17991699278354645
aabbMin:
  X: -0.06247200071811676
  Y: -0.04296400025486946
  Z: 0.08779600262641907
bfres: Weapon_Sheath_021
boundingForTraverse: 0.08429200202226639
bugMask: 1
cursorOffsetY: 0.5
instSize: 25728
mainModel: Weapon_Sheath_021
name: Weapon_Sheath_021
profile: OptionalWeapon
sortKey: 2
yLimitAlgorithm: NoLimit
