aabbMax:
  X: 0.07518400251865387
  Y: 0.0719280019402504
  Z: 0.2614940106868744
aabbMin:
  X: -0.07518400251865387
  Y: -0.06329900026321411
  Z: 0.08855299651622772
bfres: Weapon_Sheath_073
boundingForTraverse: 0.1352269947528839
bugMask: 1
cursorOffsetY: 0.5
instSize: 25664
mainModel: Weapon_Sheath_073
name: Weapon_Sheath_073
profile: OptionalWeapon
sortKey: 1
yLimitAlgorithm: NoLimit
