aabbMax:
  X: 0.06072999909520149
  Y: 0.06905099749565125
  Z: 0.47696200013160706
aabbMin:
  X: -0.07469899952411652
  Y: -0.10964299738407135
  Z: 0.2045540064573288
bfres: Weapon_SpearSheath_013
boundingForTraverse: 0.1786939948797226
bugMask: 1
cursorOffsetY: 0.5
instSize: 25728
mainModel: Weapon_SpearSheath_013
name: Weapon_SpearSheath_013
profile: OptionalWeapon
sortKey: 2
yLimitAlgorithm: NoLimit
