aabbMax:
  X: 0.2562359869480133
  Y: 0.09775400161743164
  Z: 1.5952399969100952
aabbMin:
  X: -0.2562359869480133
  Y: -0.1007630005478859
  Z: 0.15365099906921387
bfres: Weapon_Lsheath_097
boundingForTraverse: 0.19851699471473694
bugMask: 1
cursorOffsetY: 0.5
instSize: 25728
mainModel: Weapon_Lsheath_097
name: Weapon_Lsheath_059
profile: OptionalWeapon
sortKey: 2
yLimitAlgorithm: NoLimit
