aabbMax:
  X: 0.054979998618364334
  Y: 0.0694509968161583
  Z: 0.2404700070619583
aabbMin:
  X: -0.051575999706983566
  Y: -0.04500199854373932
  Z: 0.07500600069761276
bfres: Weapon_Sheath_042
boundingForTraverse: 0.11445300281047821
bugMask: 1
cursorOffsetY: 0.5
instSize: 25728
mainModel: Weapon_Sheath_042
name: Weapon_Sheath_042
profile: OptionalWeapon
sortKey: 2
yLimitAlgorithm: NoLimit
