aabbMax:
  X: 0.31561800837516785
  Y: 0.10238800197839737
  Z: 1.5857900381088257
aabbMin:
  X: -0.10973700135946274
  Y: -0.10238800197839737
  Z: 0.09901600331068039
bfres: Weapon_Lsheath_074
boundingForTraverse: 0.20477600395679474
bugMask: 1
cursorOffsetY: 0.5
instSize: 25728
mainModel: Weapon_Lsheath_074
name: Weapon_Lsheath_074
profile: OptionalWeapon
sortKey: -1
yLimitAlgorithm: NoLimit
