aabbMax:
  X: 0.05808600038290024
  Y: 0.038791999220848083
  Z: 0.02380800060927868
aabbMin:
  X: -0.04221799969673157
  Y: -0.029552999883890152
  Z: -0.03532800078392029
bfres: Weapon_Sheath_013
boundingForTraverse: 0.06834500283002853
bugMask: 1
cursorOffsetY: 0.5
instSize: 25728
mainModel: Weapon_Sheath_013
name: Weapon_Sheath_013
profile: OptionalWeapon
sortKey: 2
yLimitAlgorithm: NoLimit
