aabbMax:
  X: 0.22813700139522552
  Y: 0.05111699923872948
  Z: 0.837382972240448
aabbMin:
  X: -0.1345209926366806
  Y: -0.05740400031208992
  Z: 0.08972200006246567
bfres: Weapon_Lsheath_033
boundingForTraverse: 0.1085209995508194
bugMask: 1
cursorOffsetY: 0.5
instSize: 27828
mainModel: Weapon_Lsheath_033
name: Weapon_Lsheath_033
profile: OptionalWeapon
sortKey: 2
yLimitAlgorithm: NoLimit
