aabbMax:
  X: 0.08779799938201904
  Y: 0.058056000620126724
  Z: 0.5650330185890198
aabbMin:
  X: -0.059709999710321426
  Y: -0.06081800162792206
  Z: 0.11191199719905853
bfres: Weapon_Lsheath_030
boundingForTraverse: 0.1188730001449585
bugMask: 1
cursorOffsetY: 0.5
instSize: 25728
mainModel: Weapon_Lsheath_030
name: Weapon_Lsheath_030
profile: OptionalWeapon
sortKey: 2
yLimitAlgorithm: NoLimit
