aabbMax:
  X: 0.21617500483989716
  Y: 0.06112699955701828
  Z: 0.6928529739379883
aabbMin:
  X: -0.13598600029945374
  Y: -0.0746460035443306
  Z: 0.05612200126051903
bfres: Weapon_Lsheath_034
boundingForTraverse: 0.13577300310134888
bugMask: 1
cursorOffsetY: 0.5
instSize: 27828
mainModel: Weapon_Lsheath_034
name: Weapon_Lsheath_034
profile: OptionalWeapon
sortKey: 2
yLimitAlgorithm: NoLimit
