aabbMax:
  X: 0.10838299989700317
  Y: 0.08752399682998657
  Z: 0.48137301206588745
aabbMin:
  X: -0.14095300436019897
  Y: -0.06324400007724762
  Z: 0.192112997174263
bfres: Weapon_Lsheath_003
boundingForTraverse: 0.1507679969072342
bugMask: 1
cursorOffsetY: 0.5
instSize: 25728
mainModel: Weapon_Lsheath_003
name: Weapon_Lsheath_003
profile: OptionalWeapon
sortKey: 2
yLimitAlgorithm: NoLimit
