aabbMax:
  X: 0.3025760054588318
  Y: 0.0742110013961792
  Z: 0.06550800055265427
aabbMin:
  X: 0.21862800419330597
  Y: -0.062254998832941055
  Z: -0.06977300345897675
bfres: Weapon_Sheath_019
boundingForTraverse: 0.13646599650382996
bugMask: 1
cursorOffsetY: 0.5
instSize: 25728
mainModel: Weapon_Sheath_019
name: Weapon_Sheath_019
profile: OptionalWeapon
sortKey: 2
yLimitAlgorithm: NoLimit
