aabbMax:
  X: 0.10162399709224701
  Y: 0.02572599984705448
  Z: 1.1103500127792358
aabbMin:
  X: -0.1011350005865097
  Y: -0.030334999784827232
  Z: 0.13208000361919403
bfres: Weapon_Sheath_047
boundingForTraverse: 0.056060999631881714
bugMask: 1
cursorOffsetY: 0.5
instSize: 28248
mainModel: Weapon_Sheath_047
name: Weapon_Sheath_047
profile: OptionalWeapon
sortKey: 2
yLimitAlgorithm: NoLimit
