aabbMax:
  X: 0.25965601205825806
  Y: 0.042514998465776443
  Z: 0.9019579887390137
aabbMin:
  X: -0.134661003947258
  Y: -0.04264000058174133
  Z: 0.10357200354337692
bfres: Weapon_Sheath_030
boundingForTraverse: 0.08515500277280807
bugMask: 1
cursorOffsetY: 0.5
instSize: 25728
mainModel: Weapon_Sheath_030
name: Weapon_Sheath_030
profile: OptionalWeapon
sortKey: 2
yLimitAlgorithm: NoLimit
