aabbMax:
  X: 0.44115298986434937
  Y: 0.04907400161027908
  Z: 0.9627900123596191
aabbMin:
  X: -0.16082599759101868
  Y: -0.04907400161027908
  Z: 0.1321360021829605
bfres: Weapon_Sheath_052
boundingForTraverse: 0.09814900159835815
bugMask: 1
cursorOffsetY: 0.5
instSize: 25728
mainModel: Weapon_Sheath_052
name: Weapon_Sheath_052
profile: OptionalWeapon
sortKey: 2
yLimitAlgorithm: NoLimit
