aabbMax:
  X: 0.057284001260995865
  Y: 0.07804399728775024
  Z: 1.187209963798523
aabbMin:
  X: -0.06756799668073654
  Y: -0.07720299810171127
  Z: 0.5775539875030518
bfres: Weapon_SpearSheath_035
boundingForTraverse: 0.1552480012178421
bugMask: 1
cursorOffsetY: 0.5
instSize: 26112
mainModel: Weapon_SpearSheath_035
name: Weapon_SpearSheath_035
profile: OptionalWeapon
sortKey: 2
yLimitAlgorithm: NoLimit
