aabbMax:
  X: 0.12100300192832947
  Y: 0.04152800142765045
  Z: 0.868698000907898
aabbMin:
  X: -0.12100300192832947
  Y: -0.03451099991798401
  Z: 0.10960900038480759
bfres: Weapon_Sheath_031
boundingForTraverse: 0.07603900134563446
bugMask: 1
cursorOffsetY: 0.5
instSize: 25728
mainModel: Weapon_Sheath_031
name: Weapon_Sheath_031
profile: OptionalWeapon
sortKey: 2
yLimitAlgorithm: NoLimit
