aabbMax:
  X: 0.27128100395202637
  Y: 1.1497900485992432
  Z: 0.21894299983978271
aabbMin:
  X: -0.4818519949913025
  Y: -3.8286499977111816
  Z: -0.6856570243835449
bfres: Obj_YabusameTarget_B
boundingForTraverse: 4.978439807891846
bugMask: 0
cursorOffsetY: 0.5
instSize: 17140
mainModel: Obj_YabusamePole_B_01
name: YabusameBow
profile: MapConstPassive
sortKey: -29
yLimitAlgorithm: NoLimit
